1480945792151385000 3.95200037956 -22.1489982605
1480945792151385000 -5.6513949269 4.49663968057
1480945793347195000 3.95200037956 -22.1489982605
1480945793347195000 -5.65761661422 4.49458191401
1480945794578204000 3.95200037956 -22.1479988098
1480945794578204000 -5.64586818296 4.4902484767
1480945795828185000 3.92100048065 -22.1349983215
1480945795828185000 -5.61530581243 4.47012710338
1480945797082050000 3.77500033379 -21.8249988556
1480945797082050000 -5.55390855328 4.13090254264
1480945798118410000 3.59000039101 -21.3569984436
1480945798118410000 -5.4960618901 3.61537608134
1480945799188587000 3.2640004158 -20.9249973297
1480945799188587000 -5.29947840082 3.08546240765
1480945800339754000 2.85600042343 -20.4899978638
1480945800339754000 -5.03147988174 2.5444619942
1480945801549808000 2.41800045967 -20.0559978485
1480945801549808000 -4.74371157603 1.99783078165
1480945802486240000 2.13600039482 -19.6549987793
1480945802486240000 -4.59710823719 1.51497786923
1480945803353318000 2.03400039673 -19.2109985352
1480945803353318000 -4.63266913007 1.06847162287
1480945804235962000 2.04900026321 -18.7789974213
1480945804235962000 -4.78013141692 0.64616997115
1480945805501610000 1.85800039768 -18.498998642
1480945805501610000 -4.65518796965 0.336403610561
1480945809596041000 1.8170003891 -18.4869976044
1480945809596041000 -4.59446271745 0.32362699218
1480945810747910000 1.8170003891 -18.4869976044
1480945810747910000 -4.61041424702 0.33167322831
1480945812927630000 1.82900035381 -18.4719982147
1480945812927630000 -4.66746312389 0.337739644879
1480945817166354000 1.84400033951 -18.4759979248
1480945817166354000 -4.74961726671 0.377994922109
1480945819316974000 1.84700036049 -18.4689979553
1480945819316974000 -4.79699176307 0.389183458645
1480945821806682000 1.84600031376 -18.4669971466
1480945821806682000 -4.74492022346 0.392890860217
1480945824502388000 1.79600036144 -18.4759979248
1480945824502388000 -4.64457702014 0.393685102911
1480945825820324000 1.79600036144 -18.4759979248
1480945825820324000 -4.63972656167 0.399829461624
1480945830316924000 1.79700028896 -18.470998764
1480945830316924000 -4.60687812922 0.399600164588
1480945833573793000 1.79500031471 -18.470998764
1480945833573793000 -4.580779017 0.393982899719
1480945834920404000 1.79600036144 -18.4719982147
1480945834920404000 -4.58393719237 0.407218221558
1480945839727488000 1.79600036144 -18.4649982452
1480945839727488000 -4.57434685254 0.392974683285
1480945842317350000 1.79600036144 -18.4639987946
1480945842317350000 -4.58472715959 0.411067763812
1480945850084017000 1.79000031948 -18.4509983063
1480945850084017000 -4.5673304154 0.400125864514
1480945854183932000 1.78000032902 -18.4389972687
1480945854183932000 -4.55175622098 0.395374652228
1480945855744332000 1.72400033474 -18.469997406
1480945855744332000 -4.47593368984 0.399775096768
1480945858064495000 1.33100032806 -18.873998642
1480945858064495000 -3.99227143907 0.681179671811
1480945859715866000 0.981000304222 -19.0269985199
1480945859715866000 -3.61570955044 0.757846354748
1480945861362262000 0.683000266552 -18.8299980164
1480945861362262000 -3.37298283567 0.505450568012
1480945862556306000 0.743000268936 -18.5979976654
1480945862556306000 -3.49677324529 0.268259762946
1480945864386332000 1.16800034046 -18.4979972839
1480945864386332000 -3.94792715896 0.272373614437
1480945867227668000 1.38300037384 -18.6429977417
1480945867227668000 -4.14140819426 0.487068592894
1480945869827397000 1.38300037384 -18.641998291
1480945869827397000 -4.18808310917 0.486878022112
1480945873315705000 1.54500031471 -18.576997757
1480945873315705000 -4.40155032252 0.46463014955
1480945874802355000 1.77600038052 -18.4919986725
1480945874802355000 -4.6825077716 0.438346896307
1480945876541558000 1.86300039291 -18.0789985657
1480945876541558000 -4.89771220143 0.0657994922612
1480945878196680000 1.78800034523 -17.6569976807
1480945878196680000 -4.95223313621 -0.363175452279
1480945880025005000 1.64100039005 -17.2259979248
1480945880025005000 -4.92348968296 -0.831527814277
1480945881852980000 1.47800028324 -16.8039970398
1480945881852980000 -4.85344193318 -1.33055951698
1480945883370336000 1.19100034237 -16.3639984131
1480945883370336000 -4.6263350762 -1.83453735886
1480945884448548000 0.762000322342 -15.9929981232
1480945884448548000 -4.2382757101 -2.30740891918
1480945885545855000 0.330000281334 -15.6439981461
1480945885545855000 -3.86992520385 -2.73352773536
1480945886614163000 -0.0939997434616 -15.2879981995
1480945886614163000 -3.50214309029 -3.19025763808
1480945887620440000 -0.532999753952 -14.9939975739
1480945887620440000 -3.1592845487 -3.54754591294
1480945888954203000 -0.948999762535 -14.8209981918
1480945888954203000 -2.79075212785 -3.80369932024
1480945890820197000 -1.26599979401 -14.8799982071
1480945890820197000 -2.44675186689 -3.80886811612
1480945891879428000 -1.27799975872 -14.8729982376
1480945891879428000 -2.42211123166 -3.81211433433
1480945893278172000 -1.23299980164 -14.8139982224
1480945893278172000 -2.47181399309 -3.85383338436
1480945894516134000 -0.816999793053 -14.6909980774
1480945894516134000 -2.90088364965 -3.86503863015
1480945895428680000 -0.35599976778 -14.673997879
1480945895428680000 -3.34926733799 -3.76328524914
1480945896250325000 0.0490002632141 -14.6479978561
1480945896250325000 -3.76672938729 -3.66873657689
1480945897208857000 0.542000293732 -14.560997963
1480945897208857000 -4.26663965542 -3.60752734911
1480945898165474000 1.00200033188 -14.3669977188
1480945898165474000 -4.75891310804 -3.66512562364
1480945899276418000 1.40900027752 -13.9749975204
1480945899276418000 -5.2651096234 -3.91465378599
1480945900230807000 1.59700036049 -13.5209980011
1480945900230807000 -5.57788635917 -4.2723883344
1480945901052479000 1.64500033855 -13.1099977493
1480945901052479000 -5.74934345977 -4.67032681357
1480945901958119000 1.58200037479 -12.6449975967
1480945901958119000 -5.80941104691 -5.12938033592
1480945902964381000 1.3210003376 -12.2099981308
1480945902964381000 -5.66875334886 -5.6254386069
1480945903909826000 0.885000288486 -11.9849977493
1480945903909826000 -5.31156255949 -5.9599256275
1480945905020566000 0.468000292778 -12.0799980164
1480945905020566000 -4.88640794585 -5.98103161312
1480945907694618000 0.404000282288 -12.1379976273
1480945907694618000 -4.80178731559 -5.93784791306
1480945909210179000 0.477000296116 -12.1849975586
1480945909210179000 -4.84601482188 -5.85326869381
1480945910525094000 0.845000326633 -12.1339979172
1480945910525094000 -5.23088005502 -5.80935574468
1480945911949865000 1.26300036907 -12.1659975052
1480945911949865000 -5.64464409582 -5.68768646853
1480945913340134000 1.61500036716 -12.3789978027
1480945913340134000 -5.93796108379 -5.4178212446
1480945914618210000 1.60100030899 -12.6509981155
1480945914618210000 -5.88081421496 -5.17206566371
1480945916219048000 1.47800028324 -12.7449979782
1480945916219048000 -5.72226249086 -5.09038595075
1480945917313149000 1.45300030708 -12.7129974365
1480945917313149000 -5.69752262605 -5.127738211
1480945918441682000 1.47600030899 -12.6659975052
1480945918441682000 -5.73135311096 -5.17103366095
1480945919770804000 1.79800033569 -12.6909980774
1480945919770804000 -6.04202597102 -5.07714946965
1480945933880891000 2.21800041199 -12.8479976654
1480945933880891000 -6.4233082272 -4.84085633508
1480945948201543000 2.46400046349 -12.955997467
1480945948201543000 -6.64125674437 -4.66503835856
1480945949351760000 2.46500039101 -12.955997467
1480945949351760000 -6.6372994547 -4.64353306781
1480945950547666000 2.45400047302 -12.9579973221
1480945950547666000 -6.60790025655 -4.63495354611
1480945953573865000 2.30800032616 -12.8089981079
1480945953573865000 -6.51295296446 -4.82274271705
1480945955875136000 2.24800038338 -12.3879976273
1480945955875136000 -6.58106476822 -5.25263968533
1480945957701208000 2.15400028229 -12.1149978638
1480945957701208000 -6.58154826132 -5.55005768952
1480945959729940000 1.8210003376 -12.0349979401
1480945959729940000 -6.28606240255 -5.7339296077
1480945961921129000 1.58900034428 -11.7239980698
1480945961921129000 -6.17132873604 -6.10646846893
1480945964664816000 1.16400027275 -11.4979972839
1480945964664816000 -5.85107496435 -6.46798474815
1480945967087711000 0.752000272274 -11.3479976654
1480945967087711000 -5.51098622113 -6.74887858221
1480945969691590000 0.322000265121 -11.201997757
1480945969691590000 -5.15805463856 -7.03295605079
1480945972843274000 -0.0999997481704 -11.0429973602
1480945972843274000 -4.81858540599 -7.32647540839
1480945975513016000 -0.106999747455 -11.0399980545
1480945975513016000 -4.81001931212 -7.33251504626
1480945978080828000 -0.106999747455 -11.0409975052
1480945978080828000 -4.80736747556 -7.3284317946
1480945979598413000 -0.0469997413456 -11.0839977264
1480945979598413000 -4.85063398115 -7.26282844349
1480945980852300000 0.357000261545 -11.0959978104
1480945980852300000 -5.23601863578 -7.11823521443
1480945982033290000 0.791000306606 -10.983997345
1480945982033290000 -5.68206929892 -7.10374931895
1480945983122565000 1.21200037003 -10.9479980469
1480945983122565000 -6.11122586493 -7.02948314361
1480945984266639000 1.62900030613 -11.1039972305
1480945984266639000 -6.47431507889 -6.76591053283
1480945985879148000 2.01900005341 -11.5040006638
1480945985879148000 -6.73612294112 -6.28676717572
1480945987109137000 2.18600010872 -11.9500007629
1480945987109137000 -6.78687548639 -5.79280019133
1480945988649724000 2.13499999046 -12.375
1480945988649724000 -6.62351258527 -5.38170570833
1480945990121396000 1.99300003052 -12.8320007324
1480945990121396000 -6.36183030616 -4.97467728227
1480945991224323000 2.00600004196 -13.2550001144
1480945991224323000 -6.24734497148 -4.56030927338
1480946011177852000 2.32300019264 -13.5210008621
1480946011177852000 -6.46904033865 -4.19676686197
1480946054446539000 2.63400006294 -13.4040002823
1480946054446539000 -6.82075482786 -4.21615342999
1480946057324777000 2.6360001564 -13.4200000763
1480946057324777000 -6.82127113221 -4.21125040861
1480946059828633000 2.59900021553 -13.4070005417
1480946059828633000 -6.79521013088 -4.23853172189
1480946061113412000 2.58200001717 -13.4100008011
1480946061113412000 -6.77533190645 -4.22667834634
1480946062592997000 2.58000016212 -13.4090003967
1480946062592997000 -6.77491775636 -4.21542708084
1480946063778073000 2.56700015068 -13.4270000458
1480946063778073000 -6.74861780319 -4.17850268963
1480946064856240000 2.34800004959 -13.4160003662
1480946064856240000 -6.54348290734 -4.23792161091
1480946066041337000 1.92500007153 -13.063000679
1480946066041337000 -6.22794897315 -4.69706731601
1480946067153470000 1.53700006008 -12.6270008087
1480946067153470000 -6.00030733149 -5.24326833835
1480946068367657000 1.08899998665 -12.220000267
1480946068367657000 -5.70263225007 -5.77559807064
1480946069376862000 0.629999995232 -12.0799999237
1480946069376862000 -5.31794945576 -6.07101788847
1480946070702968000 0.245999991894 -11.9610004425
1480946070702968000 -4.97181859089 -6.30365001183
1480946072502840000 -0.045000012964 -11.5469999313
1480946072502840000 -4.8204755789 -6.78842859311
1480946074179966000 -0.297000020742 -11.1280002594
1480946074179966000 -4.72342668978 -7.27351640253
1480946076040974000 -0.682000041008 -11.0120000839
1480946076040974000 -4.39149691256 -7.52202491539
1480946077609561000 -0.999000072479 -11.1430006027
1480946077609561000 -4.04990869756 -7.49415976102
1480946078813686000 -1.05900001526 -11.0760002136
1480946078813686000 -4.00794940565 -7.57819394645
1480946080203257000 -1.19500005245 -10.6459999084
1480946080203257000 -4.01611386933 -8.0367337567
1480946081157551000 -1.4430000782 -10.2189998627
1480946081157551000 -3.92581158401 -8.51766168623
1480946082092158000 -1.59900009632 -9.76500034332
1480946082092158000 -3.92305084146 -8.97917382238
1480946082911881000 -1.58700013161 -9.35300064087
1480946082911881000 -4.06040767012 -9.38399864876
1480946091787352000 -1.53600013256 -9.09200000763
1480946091787352000 -4.21434000502 -9.60715290689
1480946092995260000 -1.53700006008 -9.09100055695
1480946092995260000 -4.23255065832 -9.59861400506
1480946094128452000 -1.53700006008 -9.09100055695
1480946094128452000 -4.21115992504 -9.59740964152
1480946098465435000 -1.53700006008 -9.09200000763
1480946098465435000 -4.20011377932 -9.59971379536
1480946105573908000 -1.53700006008 -9.09200000763
1480946105573908000 -4.18690106405 -9.59547275931
1480946107393894000 -1.53700006008 -9.09100055695
1480946107393894000 -4.18526129629 -9.59787496434
1480946109069210000 -1.54600012302 -9.0860004425
1480946109069210000 -4.18311191128 -9.61043188169
1480946110799367000 -1.58000004292 -8.83500003815
1480946110799367000 -4.24481186169 -9.86479123144
1480946112457527000 -1.60700011253 -8.42300033569
1480946112457527000 -4.39994592537 -10.254400128
1480946116540911000 -1.87600004673 -8.00699996948
1480946116540911000 -4.39675499076 -10.7332593117
1480946117801950000 -2.09300017357 -7.56599998474
1480946117801950000 -4.46166069306 -11.1883790222
1480946121229387000 -2.22699999809 -7.14499998093
1480946121229387000 -4.53486975641 -11.5346070739
1480946131345806000 -2.27400016785 -6.94799995422
1480946131345806000 -4.88720356739 -11.62702202
1480946132497883000 -2.20100021362 -6.94300031662
1480946132497883000 -5.25827445181 -11.5586239137
1480946133775827000 -2.02400016785 -7.25500011444
1480946133775827000 -5.26906028273 -11.2175908942
1480946135452090000 -1.97200012207 -7.69300031662
1480946135452090000 -5.0522082557 -10.8799436961
1480946136388533000 -1.82100009918 -8.11700057983
1480946136388533000 -4.85832836741 -10.4656711496
1480946137301149000 -1.66600012779 -8.55800056458
1480946137301149000 -4.63554276892 -10.0464560228
1480946138336490000 -1.43300008774 -9.02600002289
1480946138336490000 -4.45351736197 -9.53651017794
1480946139443587000 -0.995000064373 -9.36999988556
1480946139443587000 -4.5169976566 -8.9994726249
1480946141280645000 -0.598000049591 -9.74600028992
1480946141280645000 -4.64561567543 -8.4311914586
1480946142287104000 -0.178000018001 -9.98900032043
1480946142287104000 -4.90048906009 -7.9503894948
1480946143143518000 0.243000000715 -9.95100021362
1480946143143518000 -5.363419881 -7.73387955798
1480946144112111000 0.666999995708 -9.70700073242
1480946144112111000 -5.8932887869 -7.99375107756
1480946144917750000 1.07300007343 -9.5640001297
1480946144917750000 -6.36837102438 -8.39792888441
1480946146045848000 1.52600002289 -9.67800045013
1480946146045848000 -6.88048240241 -9.32572658292
1480946149605507000 1.6590000391 -9.66800022125
1480946149605507000 -7.0098571836 -9.37944447608
1480946152171875000 1.6590000391 -9.66699981689
1480946152171875000 -7.0219581776 -9.40774944995
1480946153807166000 1.64300012589 -9.66200065613
1480946153807166000 -7.00705961201 -9.44527723931
1480946155100303000 1.50700008869 -9.79900074005
1480946155100303000 -6.87506802693 -9.30461785966
1480946156188273000 1.32000005245 -10.2300004959
1480946156188273000 -6.7516690723 -8.8289711792
1480946157298459000 1.02799999714 -10.6760005951
1480946157298459000 -6.54889305861 -8.33409140105
1480946158489782000 0.618000030518 -11.0700006485
1480946158489782000 -5.21134064142 -6.79370358152
1480946159596689000 0.256000012159 -11.4440002441
1480946159596689000 -4.73600675915 -6.5998604894
1480946160556123000 0.185000002384 -11.8830003738
1480946160556123000 -4.50657649312 -6.22383908623
1480946161532595000 0.0659999921918 -12.3629999161
1480946161532595000 -4.2365901784 -5.82112834593
1480946162439304000 -0.138000011444 -12.7990007401
1480946162439304000 -3.86786546032 -5.48093680263
1480946163392667000 -0.357000023127 -13.2520008087
1480946163392667000 -3.49372855835 -5.15568818743
1480946164267102000 -0.528000056744 -13.6710004807
1480946164267102000 -3.18871918267 -4.83701151294
1480946165074769000 -0.688000023365 -14.0970001221
1480946165074769000 -2.89882541795 -4.49930188624
1480946166463585000 -0.823000073433 -14.4500007629
1480946166463585000 -2.63170518039 -4.20451599302
1480946167947179000 -1.07400012016 -14.5450000763
1480946167947179000 -2.34763628705 -4.21045774747
1480946169645545000 -1.09300005436 -14.5370006561
1480946169645545000 -2.32995621197 -4.22272651062
1480946170788478000 -1.05600011349 -14.4960002899
1480946170788478000 -2.38381595041 -4.23894931882
1480946172011465000 -0.691000044346 -14.5460004807
1480946172011465000 -2.7113008513 -4.05309580766
1480946172983814000 -0.285000026226 -14.8320007324
1480946172983814000 -2.99120566362 -3.61740978493
1480946174054229000 0.163999989629 -15.1750001907
1480946174054229000 -3.25722958673 -3.12840827178
1480946175143349000 0.620000004768 -15.5390005112
1480946175143349000 -3.50402683777 -2.60068623153
1480946176223760000 1.0379999876 -15.8990001678
1480946176223760000 -3.72773443582 -2.0947193082
1480946177407846000 1.45500004292 -16.3350009918
1480946177407846000 -3.90483546441 -1.52782291592
1480946178468001000 1.77900004387 -16.7870006561
1480946178468001000 -3.98652003761 -0.980178187528
1480946179570222000 2.08600020409 -17.2730007172
1480946179570222000 -4.04019658791 -0.410051057023
1480946180493802000 2.34100008011 -17.6790008545
1480946180493802000 -4.08580587399 0.0773217563021
1480946181448191000 2.60900020599 -18.0980014801
1480946181448191000 -4.13197434224 0.561143025262
1480946182402702000 2.85700011253 -18.5419998169
1480946182402702000 -4.15210563237 1.04260777542
1480946183169272000 3.00500011444 -18.9460010529
1480946183169272000 -4.0831596041 1.48128353095
1480946184134099000 3.14900016785 -19.422000885
1480946184134099000 -3.98507000845 1.95913646669
1480946185045263000 3.28600025177 -19.8720016479
1480946185045263000 -3.89388122514 2.43905363277
1480946185909920000 3.43300008774 -20.3080005646
1480946185909920000 -3.81999984936 2.88639982723
1480946186816269000 3.61000013351 -20.7430000305
1480946186816269000 -3.77672218102 3.35967803739
1480946187727886000 3.79100012779 -21.1950016022
1480946187727886000 -3.73418086498 3.84244861609
1480946188594399000 3.96100020409 -21.6200008392
1480946188594399000 -3.69117981551 4.31529936252
1480946189461123000 4.12300014496 -22.0490016937
1480946189461123000 -3.64315547138 4.76158435013
1480946190283822000 4.26300001144 -22.4800014496
1480946190283822000 -3.56753506386 5.20047725252
1480946191093445000 4.3890004158 -22.888999939
1480946191093445000 -3.48737948479 5.64768416014
1480946192049786000 4.51600027084 -23.3700008392
1480946192049786000 -3.36989831864 6.12824804488
1480946193024299000 4.72300004959 -23.8300018311
1480946193024299000 -3.33242748349 6.61631561263
1480946193966842000 4.96900033951 -24.2560005188
1480946193966842000 -3.34922783911 7.11025168332
1480946194893326000 5.1890001297 -24.6820011139
1480946194893326000 -3.34118722104 7.59250269466
1480946195848631000 5.40900039673 -25.1320018768
1480946195848631000 -3.32110451937 8.09105505284
1480946196847985000 5.59300041199 -25.5540008545
1480946196847985000 -3.28784583294 8.54767980259
1480946197907360000 5.97600030899 -25.8690013885
1480946197907360000 -3.45771536494 9.00441059506
1480946198774580000 6.42500019073 -25.8180007935
1480946198774580000 -3.86262359261 9.17922834603
1480946199688296000 6.86500024796 -25.6320018768
1480946199688296000 -4.37093420339 9.22813008966
1480946200793666000 7.28400039673 -25.4770011902
1480946200793666000 -4.81134876339 9.27882856508
1480946204338765000 7.69000053406 -25.4500007629
1480946204338765000 -5.19010638441 9.42451504352
1480946206879657000 8.11499977112 -25.4660015106
1480946206879657000 -5.56771480043 9.61194746376