1481011224320777000 -112.170005798 71.3040008545
1481011224320777000 -0.163106275011 0.102273098549
1481011226192773000 -112.113006592 71.0480041504
1481011226192773000 -0.420733139693 0.0879094018822
1481011226783670000 -112.11100769 71.0480041504
1481011226783670000 -0.425030424162 0.0810352455395
1481011228266361000 -112.11100769 71.0480041504
1481011228266361000 -0.435913183227 0.0832307006522
1481011242041039000 -111.70500946 70.6310043335
1481011242041039000 -0.946131032999 -0.226523065895
1481011243149265000 -111.270004272 70.2290039062
1481011243149265000 -1.4514329245 -0.55847076039
1481011244260577000 -110.81300354 69.8509979248
1481011244260577000 -1.93961829731 -0.898707649151
1481011245495659000 -110.383003235 69.5360031128
1481011245495659000 -2.37562124222 -1.23418742576
1481011247259665000 -109.936004639 69.1870040894
1481011247259665000 -2.83592303449 -1.57196111864
1481011248262095000 -109.506004333 68.8960037231
1481011248262095000 -3.23655187007 -1.9034001987
1481011249338375000 -109.097007751 68.5920028687
1481011249338375000 -3.65722707041 -2.20835182216
1481011250723042000 -108.613006592 68.4850006104
1481011250723042000 -3.88002599372 -2.59252720034
1481011251558940000 -108.181007385 68.5019989014
1481011251558940000 -3.97719463429 -3.00933137857
1481011252344541000 -107.756004333 68.3779983521
1481011252344541000 -4.20880917535 -3.38308556425
1481011253474265000 -107.293006897 68.0760040283
1481011253474265000 -4.61660030607 -3.74553571065
1481011254317360000 -106.882003784 67.84400177
1481011254317360000 -4.95301668207 -4.06894232701
1481011255233798000 -106.42300415 67.7109985352
1481011255233798000 -5.20619166649 -4.4595601872
1481011256042864000 -106.012008667 67.7070007324
1481011256042864000 -5.33360309603 -4.86710793815
1481011257010202000 -105.557006836 67.888999939
1481011257010202000 -5.27471343597 -5.35141767051
1481011258010380000 -105.26600647 68.3150024414
1481011258010380000 -4.93520432141 -5.743852309
1481011259047793000 -104.834007263 68.5790023804
1481011259047793000 -4.77572021941 -6.23065371291
1481011259882463000 -104.393005371 68.4869995117
1481011259882463000 -4.9671748322 -6.62630411653
1481011260725120000 -103.97000885 68.4270019531
1481011260725120000 -5.14511822054 -7.02653454588
1481011261539670000 -103.537002563 68.4199981689
1481011261539670000 -5.26173528791 -7.4416798287
1481011262376474000 -103.07800293 68.4390029907
1481011262376474000 -5.3668044509 -7.8999041293
1481011263170379000 -102.666007996 68.5330047607
1481011263170379000 -5.38788127696 -8.3304161042
1481011264150603000 -102.231002808 68.7929992676
1481011264150603000 -5.2477515067 -8.83786806187
1481011265196897000 -101.87600708 69.2180023193
1481011265196897000 -4.93281547218 -9.28041256891
1481011266290187000 -101.64100647 69.6210021973
1481011266290187000 -4.60543487061 -9.61216003855
1481011267256535000 -101.192008972 69.8530044556
1481011267256535000 -4.51166656035 -10.0987666635
1481011268111161000 -100.746002197 69.9280014038
1481011268111161000 -4.57178984698 -10.5368080175
1481011268971862000 -100.302001953 69.9020004272
1481011268971862000 -4.74954450175 -10.9430285229
1481011269841500000 -99.8510055542 69.8079986572
1481011269841500000 -4.98870196667 -11.3506833025
1481011270803883000 -99.4240036011 69.6210021973
1481011270803883000 -5.29177852634 -11.6965550116
1481011274535940000 -99.1280059814 69.3769989014
1481011274535940000 -5.60977009887 -11.9026447433
1481011391748126000 -99.3080062866 69.4120025635
1481011391748126000 -5.50999100745 -11.7411372693
1481011393198827000 -99.7410049438 69.574005127
1481011393198827000 -5.24380243719 -11.3716791444
1481011479528268000 -99.9090042114 69.6979980469
1481011479528268000 -5.09128360583 -11.2414391501
