1480930931361461000 6.22200107574 -53.8260002136
1480930931361461000 -6.69986331359 -36.8513215052
1480931015881499000 6.11000061035 -53.8080024719
1480931015881499000 -6.82764446606 -36.7838941218
1480931017062647000 6.10100078583 -53.7910003662
1480931017062647000 -6.84824885852 -36.7530356998
1480931018510296000 6.25500106812 -53.5120010376
1480931018510296000 -6.58480660695 -36.5514935865
1480931019751112000 6.66300106049 -53.0660018921
1480931019751112000 -6.01991794356 -36.3223867526
1480931020858427000 7.01700115204 -52.6140022278
1480931020858427000 -5.5098203572 -36.0740470253
1480931021968355000 7.36300086975 -52.1350021362
1480931021968355000 -4.99005416119 -35.8027675685
1480931022810852000 7.45300102234 -51.7070007324
1480931022810852000 -4.69960000409 -35.4754276478
1480931023725689000 7.33300113678 -51.2430000305
1480931023725689000 -4.60370232344 -35.0166443017
1480931024541675000 7.20200061798 -50.8280029297
1480931024541675000 -4.54413141679 -34.5650095682
1480931025406947000 7.07500076294 -50.3980026245
1480931025406947000 -4.48423304734 -34.1274550488
1480931026237640000 6.96100139618 -49.9780006409
1480931026237640000 -4.43012852463 -33.6776537602
1480931027142348000 6.81900119781 -49.5240020752
1480931027142348000 -4.3929162277 -33.1935957504
1480931027956834000 6.65200138092 -49.1040000916
1480931027956834000 -4.38856253583 -32.7446388197
1480931028772346000 6.55000114441 -48.6930007935
1480931028772346000 -4.32502719107 -32.2903869747
1480931029635222000 6.64200115204 -48.2630004883
1480931029635222000 -4.06888640743 -31.9465286923
1480931030724246000 6.72800064087 -47.7989997864
1480931030724246000 -3.79862390012 -31.5781253303
1480931031971248000 6.34300136566 -47.4140014648
1480931031971248000 -4.01046887292 -31.0724037203
1480931032958587000 6.06600093842 -46.9730033875
1480931032958587000 -4.11922842678 -30.5422124771
1480931033150362000 13.9410009384 -45.3050003052
1480931033150362000 -5.64446672438 -23.4417785578
1480931033624517000 13.9760007858 -45.0389976501
1480931033624517000 -1.69495206803 -31.4115934214
1480931035104117000 14.1980009079 -44.6259994507
1480931035104117000 -1.93694695995 -32.0652460772
