1482227769097111000 47.699005127 -7.75300264359
1482227769097111000 -5.26401687975 13.2771154699
1482227770515208000 47.7290039062 -8.1160030365
1482227770515208000 -5.21982687458 12.9223724578
1482227771429098000 47.8770027161 -8.54400253296
1482227771429098000 -5.03419145173 12.4944678341
1482227772403485000 48.0120048523 -8.97100257874
1482227772403485000 -4.86384856776 12.09021302
1482227775551985000 47.9360046387 -9.27800273895
1482227775551985000 -4.90484456441 11.7748917671
1482227779778847000 48.0030059814 -9.68700313568
1482227779778847000 -4.79564814632 11.3722851878
1482227783951879000 48.0690040588 -10.0980033875
1482227783951879000 -4.6898257082 10.9594301504
1482227788095527000 48.1980056763 -10.5060033798
1482227788095527000 -4.51344683621 10.5584368876
1482227792656887000 48.3180046082 -10.9170026779
1482227792656887000 -4.35384393323 10.1655359807
1482227796932377000 48.5340042114 -11.3460025787
1482227796932377000 -4.09089959932 9.7736580526
1482227798353999000 48.5970039368 -11.4900026321
1482227798353999000 -3.98877396166 9.63264704107
1482227806924419000 48.360004425 -11.8890028
1482227806924419000 -4.1895634297 9.19448934541
1482227808266072000 48.3530044556 -11.8870029449
1482227808266072000 -4.22032814111 9.18194169874
1482227809328742000 48.3530044556 -11.8840026855
1482227809328742000 -4.22449159803 9.19702457312
1482227810491522000 48.3520050049 -11.8840026855
1482227810491522000 -4.20992819152 9.21413196927
1482227811690417000 48.3630027771 -11.8960027695
1482227811690417000 -4.18389312467 9.19763672019
1482227812964019000 48.3590049744 -11.9620027542
1482227812964019000 -4.18710267059 9.13785023764
1482227814024152000 48.3480033875 -11.9740028381
1482227814024152000 -4.20259815849 9.13451479243
1482227815286991000 48.3480033875 -11.9730033875
1482227815286991000 -4.20323300206 9.15204547165
1482227816348149000 48.3490028381 -11.9740028381
1482227816348149000 -4.1925919295 9.16624642853
1482227817459319000 48.3490028381 -11.9740028381
1482227817459319000 -4.17833749965 9.17720294012
1482227818548569000 48.4430046082 -12.1010026932
1482227818548569000 -4.09193443425 9.0595087654
1482227820715807000 48.4300041199 -12.5150032043
1482227820715807000 -4.13388267881 8.6434216281
1482227823062802000 48.4800033569 -12.9310035706
1482227823062802000 -4.126742938 8.22516889795
1482227825355766000 48.5990028381 -13.3360033035
1482227825355766000 -4.04508601151 7.80495373417
1482227827905347000 48.7760047913 -13.7620029449
1482227827905347000 -3.91137623705 7.36235390886
1482227829969881000 48.999004364 -14.1980028152
1482227829969881000 -3.74251314201 6.91682929209
1482227830879320000 49.0110054016 -14.6380033493
1482227830879320000 -3.77744281881 6.45556328648
1482227831632956000 48.9860038757 -15.0700035095
1482227831632956000 -3.85560476665 6.02409477237
1482227832508862000 48.9940032959 -15.5210027695
1482227832508862000 -3.90434035133 5.56865092796
1482227833366078000 49.0170059204 -15.9770030975
1482227833366078000 -3.92989948956 5.11076521257
1482227834148799000 49.0350036621 -16.3850040436
1482227834148799000 -3.95313456674 4.6814824877
1482227835003399000 49.0430030823 -16.8240032196
1482227835003399000 -3.986514688 4.23766875149
1482227835827900000 49.0420036316 -17.2560024261
1482227835827900000 -4.01520564811 3.71604187014
1482227836587625000 49.0450057983 -17.68400383
1482227836587625000 -4.05404331835 3.26887586073
1482227837472957000 49.0340042114 -18.138004303
1482227837472957000 -4.10935698208 2.83263250244
1482227838235319000 49.0280036926 -18.5460033417
1482227838235319000 -4.15140255374 2.48509409468
1482227839045347000 49.0240058899 -18.9770030975
1482227839045347000 -4.19806298236 2.06016980408
1482227840004652000 49.1860046387 -19.43400383
1482227840004652000 -4.09163281126 1.58514139189
1482227841115871000 49.6630058289 -19.7780036926
1482227841115871000 -3.65793963851 1.19207737805
1482227842113059000 50.1020050049 -20.0720043182
1482227842113059000 -3.2406828689 0.874541084791
1482227843123349000 50.5440063477 -20.341003418
1482227843123349000 -2.80169173854 0.558102881081
1482227844086746000 51.0080032349 -20.5240039825
1482227844086746000 -2.35638705042 0.3465603821
1482227845109228000 51.4560050964 -20.6650028229
1482227845109228000 -1.92015748639 0.206321104054
1482227846806543000 51.7500038147 -20.7770042419
1482227846806543000 -1.61444604181 0.0900499819581
1482227848326452000 51.7500038147 -20.7760028839
1482227848326452000 -1.61948284989 0.0898316760914
1482227849518411000 51.746006012 -20.7770042419
1482227849518411000 -1.63695925045 0.0913309472105
1482227865295210000 51.3200035095 -20.6610031128
1482227865295210000 -2.05997166321 0.239544813929
1482227866867636000 50.8920059204 -20.6010036469
1482227866867636000 -2.48048594382 0.352122305294
1482227869532138000 50.735004425 -20.6400032043
1482227869532138000 -2.66129654009 0.327398417229
1482227871991827000 50.7300033569 -20.655002594
1482227871991827000 -2.66731167396 0.312940592777
1482227875710376000 50.7220039368 -20.6790027618
1482227875710376000 -2.68084471488 0.277020108325
1482227877249913000 50.7150039673 -20.68800354
1482227877249913000 -2.69656831735 0.268581367925
1482227891491554000 50.7120056152 -20.6850032806
1482227891491554000 -2.70267538561 0.281171787121
1482227892601425000 50.716003418 -20.6790027618
1482227892601425000 -2.68111783965 0.308556962606
1482227893815153000 50.718006134 -20.6770038605
1482227893815153000 -2.6546280247 0.317244079228
1482227894852670000 50.718006134 -20.6770038605
1482227894852670000 -2.66306537298 0.314577642722
1482227896257272000 50.718006134 -20.6760044098
1482227896257272000 -2.69124998488 0.310195832672
1482227897877500000 50.6970062256 -20.6790027618
1482227897877500000 -2.71781837681 0.32617180151
1482227899029193000 50.6970062256 -20.6800041199
1482227899029193000 -2.70504815414 0.340679902768
1482227900259501000 50.6970062256 -20.6800041199
1482227900259501000 -2.67730060156 0.372465583486
1482227901366397000 50.7140045166 -20.6860027313
1482227901366397000 -2.65346241896 0.365804810596
1482227902592489000 50.716003418 -20.68800354
1482227902592489000 -2.67329627946 0.35343955345
1482227906118375000 50.5440063477 -20.9020042419
1482227906118375000 -2.90782318728 0.16629916892
1482227907081701000 50.5170059204 -21.3250026703
1482227907081701000 -3.07311984749 -0.259024167495
1482227908044036000 50.6530036926 -21.8150043488
1482227908044036000 -3.08106816687 -0.765801178894
1482227909244130000 51.0240058899 -22.2180042267
1482227909244130000 -2.82149811612 -1.28721240916
1482227911897433000 51.2330055237 -22.3660030365
1482227911897433000 -2.648695416 -1.51191738457
1482227914768816000 51.2400054932 -22.3620033264
1482227914768816000 -2.62519341457 -1.523911666
1482227917445111000 51.2400054932 -22.3620033264
1482227917445111000 -2.60786464045 -1.55283846436
1482227992805934000 51.2390060425 -22.3650035858
1482227992805934000 -2.63902420294 -1.5508533848
1482228007125359000 51.1970062256 -22.5950031281
1482228007125359000 -2.77023531405 -1.79470822904
1482228042900061000 51.1970062256 -22.5960044861
1482228042900061000 -2.76574032951 -1.80087885652
1482228044063361000 51.1970062256 -22.5950031281
1482228044063361000 -2.72568846147 -1.95032504754
1482228045791028000 51.2010040283 -22.5930042267
1482228045791028000 -2.67396052782 -2.17536800852
1482228048688214000 51.2010040283 -22.5930042267
1482228048688214000 -2.64716360188 -2.25898824815
1482228052572540000 51.202003479 -22.5930042267
1482228052572540000 -2.63571011643 -2.29920502687
1482228055106117000 51.202003479 -22.5930042267
1482228055106117000 -2.6204923419 -2.31908813339
1482228058660905000 51.202003479 -22.5930042267
1482228058660905000 -2.60906741633 -2.34353405296
1482228079990611000 51.2010040283 -22.5940036774
1482228079990611000 -2.60887293473 -2.36330286706
1482228087168316000 51.2000045776 -22.5950031281
1482228087168316000 -2.60778066081 -2.37676999339
1482228109848218000 51.2220039368 -22.5880031586
1482228109848218000 -2.57946651952 -2.38292806123
1482228142796845000 51.2240028381 -22.5880031586
1482228142796845000 -2.57207980903 -2.39503258404
1482228147693330000 51.2240028381 -22.5880031586
1482228147693330000 -2.57080362777 -2.40223927441
1482228235827405000 51.2210044861 -22.3790035248
1482228235827405000 -2.50864323376 -2.24244490033
1482228237487462000 50.9720039368 -21.9610042572
1482228237487462000 -2.58858905922 -1.78653038517
1482228240959371000 50.5430030823 -21.6740036011
1482228240959371000 -2.97313409249 -1.43060951994
1482228242267333000 50.2650032043 -21.234003067
1482228242267333000 -3.27148603535 -1.01346293003
1482228243345936000 50.1920051575 -20.7960033417
1482228243345936000 -3.5214153486 -0.654470470921
1482228244459433000 50.185005188 -20.3560028076
1482228244459433000 -3.60333560919 -0.248313937721
1482228245553509000 50.0960044861 -19.9260025024
1482228245553509000 -3.80324882011 0.157245868415
1482228246871262000 49.7860031128 -19.5270042419
1482228246871262000 -4.15292624514 0.546332153361
1482228247774690000 49.6910057068 -19.1180038452
1482228247774690000 -4.18546086199 0.988705359073
1482228248569661000 49.7690048218 -18.6730041504
1482228248569661000 -4.07906205669 1.44810440515
1482228249545753000 49.9080047607 -18.2170028687
1482228249545753000 -3.92602285932 1.89241452112
1482228253732816000 49.996006012 -17.8080024719
1482228253732816000 -3.71893530647 2.3373750472
1482228256513963000 49.9430046082 -17.5420036316
1482228256513963000 -3.76624093903 2.59155041321
1482228260368176000 49.9080047607 -17.1850032806
1482228260368176000 -3.80377346268 2.9377509249
1482228264590870000 49.8640060425 -16.780002594
1482228264590870000 -3.85560149625 3.3335292593
1482228267744581000 49.8630027771 -16.3700027466
1482228267744581000 -3.86839423002 3.7402884026
1482228270457926000 49.8870048523 -15.9550027847
1482228270457926000 -3.85607089467 4.16078060377
1482228273187138000 49.9120063782 -15.5450029373
1482228273187138000 -3.84013178178 4.58276906843
1482228275838613000 49.9920043945 -15.1380033493
1482228275838613000 -3.78302734603 4.98994516174
1482228278614847000 50.1030044556 -14.718003273
1482228278614847000 -3.70178568392 5.40986582534
1482228279814791000 50.1600036621 -14.2550029755
1482228279814791000 -3.68085695993 5.87600511969
1482228280636443000 50.2040061951 -13.829003334
1482228280636443000 -3.66666106022 6.32337557176
1482228281447032000 50.2690048218 -13.4010028839
1482228281447032000 -3.64679517151 6.75795536149
1482228282300498000 50.3560028076 -12.9610033035
1482228282300498000 -3.60660762319 7.19742402388
1482228283131252000 50.4560050964 -12.5380029678
1482228283131252000 -3.55664516412 7.62657939079
1482228283917768000 50.560005188 -12.1290035248
1482228283917768000 -3.51293741636 8.03781661053
1482228284754389000 50.702003479 -11.7200031281
1482228284754389000 -3.43508128279 8.47202511077
1482228285960319000 50.796005249 -11.2720031738
1482228285960319000 -3.38567740204 8.9238861095
1482228287039356000 50.7850036621 -10.8610029221
1482228287039356000 -3.45024044168 9.33739942158
1482228288313361000 50.841003418 -10.4160032272
1482228288313361000 -3.44745744706 9.79063927963
