1480947064000079000 -2.59700012207 -6.54400014877
1480947064000079000 -5.67541792847 -11.8998440563
1480947067359989000 -2.59700012207 -6.54400014877
1480947067359989000 -5.74065326789 -11.8730344338
1480947111484192000 -2.68000006676 -6.57000017166
1480947111484192000 -5.67636509258 -11.9036037998
1480947120507576000 -2.67500019073 -6.55399990082
1480947120507576000 -5.70305801276 -11.8857419764
1480947124981979000 -2.67300009727 -6.55399990082
1480947124981979000 -5.74102608676 -11.8381794721
1480947145743357000 -2.67600011826 -6.5529999733
1480947145743357000 -5.75330810459 -11.8516296441
1480947155620648000 -2.67700004578 -6.5529999733
1480947155620648000 -5.79323858509 -11.8528410952
1480947157990528000 -2.67800021172 -6.5529999733
1480947157990528000 -5.78104554939 -11.8714612112
1480947162607075000 -2.67700004578 -6.55700016022
1480947162607075000 -5.7977364039 -11.881045677
1480947164793674000 -2.67600011826 -6.5560002327
1480947164793674000 -5.76408592113 -11.9107065602
1480947167264446000 -2.72400021553 -6.64300012589
1480947167264446000 -5.58973024681 -11.914328506
1480947184527804000 -3.07200026512 -6.82299995422
1480947184527804000 -5.23362942469 -12.0716982932
1480947186174829000 -3.5030002594 -6.60700035095
1480947186174829000 -5.20443643758 -12.5761176454
1480947187132337000 -3.9310002327 -6.44300031662
1480947187132337000 -5.26670589591 -13.0984657249
1480947188094868000 -4.375 -6.34299993515
1480947188094868000 -5.191140029 -13.5643888714
1480947195079652000 -4.51200008392 -6.34000015259
1480947195079652000 -5.20756955275 -13.717585883
1480947199318581000 -4.51500034332 -6.32999992371
1480947199318581000 -5.24330132268 -13.7424213395
1480947201811563000 -4.51600027084 -6.32999992371
1480947201811563000 -5.17459609769 -13.7388819076
1480947203851558000 -4.51600027084 -6.33300018311
1480947203851558000 -5.2267994941 -13.8127127046
1480947214012766000 -4.52300024033 -6.32600021362
1480947214012766000 -5.34527371004 -13.915293552
1480947216700941000 -4.52300024033 -6.32600021362
1480947216700941000 -5.22249819922 -13.8533722429
1480947218656736000 -4.52500009537 -6.32800006866
1480947218656736000 -5.15551565166 -13.8573986435
1480947222453198000 -4.55300045013 -6.30700016022
1480947222453198000 -5.34784996173 -14.0296167248
1480947224909197000 -4.55400037766 -6.30700016022
1480947224909197000 -5.26436918776 -14.0520041465
1480947232069453000 -4.55400037766 -6.30700016022
1480947232069453000 -5.21856410712 -14.1066830808
1480947242847089000 -4.55300045013 -6.30700016022
1480947242847089000 -5.22722253348 -14.1791438647
1480947260950433000 -4.55100011826 -6.30999994278
1480947260950433000 -5.35393763811 -14.1957042212
1480947264277409000 -4.54400014877 -6.39300012589
1480947264277409000 -5.41796952173 -14.1729440071
1480947288867498000 -4.80700016022 -5.98099994659
1480947288867498000 -6.00880606904 -14.5853909768
1480947289937753000 -5.01500034332 -5.57700014114
1480947289937753000 -6.52455181 -14.9677940826
1480947290790480000 -5.29600048065 -5.15500020981
1480947290790480000 -6.89985033665 -15.3186314774
1480947291599135000 -5.6280002594 -4.70700025558
1480947291599135000 -7.17885528923 -15.6847460304
1480947292402829000 -6.06100034714 -4.26200008392
1480947292402829000 -7.32373110546 -16.1231242173
1480947293241510000 -6.51200008392 -3.82399988174
1480947293241510000 -7.52254086411 -16.6528276284
1480947294061187000 -6.96300029755 -3.39499998093
1480947294061187000 -7.59557317168 -17.1838393941
1480947294864818000 -7.46800041199 -2.98099994659
1480947294864818000 -7.56872780423 -17.7701349631
1480947295460858000 -7.87600040436 -2.66100001335
1480947295460858000 -7.50786952725 -18.2379687385
1480947296170681000 -8.35099983215 -2.27699995041
1480947296170681000 -7.50264431157 -18.7892376584
1480947296829713000 -8.79500007629 -1.92499995232
1480947296829713000 -7.44909227664 -19.3122171601
1480947297589421000 -9.28000068665 -1.55099987984
1480947297589421000 -7.39865199313 -19.9520010841
1480947298391144000 -9.77099990845 -1.14399981499
1480947298391144000 -7.39567675801 -20.5803542992
1480947299153856000 -10.2150001526 -0.764999866486
1480947299153856000 -7.42105309636 -21.155584745
1480947299904416000 -10.6660003662 -0.386999815702
1480947299904416000 -7.440637458 -21.7333373692
1480947300763314000 -11.1529998779 0.0310001987964
1480947300763314000 -7.43554570536 -22.3547262948
1480947301567854000 -11.6270008087 0.385000228882
1480947301567854000 -7.14471123954 -22.9778413856
1480947302329738000 -12.0799999237 0.655000209808
1480947302329738000 -6.53697769255 -23.539619483
1480947303082961000 -12.5200004578 0.926000237465
1480947303082961000 -6.22860130227 -24.0477184089
1480947303976013000 -12.9730014801 1.30000030994
1480947303976013000 -6.154379435 -24.6437570297
1480947304890669000 -13.404001236 1.67500030994
1480947304890669000 -6.09236791535 -25.2430018003
1480947305812281000 -13.857000351 2.02200031281
1480947305812281000 -5.96939052043 -25.7931568914
1480947306657747000 -14.3270015717 2.33900022507
1480947306657747000 -5.81877348882 -26.3259484986
1480947307455261000 -14.704000473 2.75100040436
1480947307455261000 -5.82107453322 -26.8961579304
1480947308264330000 -14.9070014954 3.24400043488
1480947308264330000 -6.03857025158 -27.388041331
1480947308963457000 -15.1380004883 3.67600035667
1480947308963457000 -6.19286962003 -27.8596207958
1480947309725663000 -15.4200000763 4.17400026321
1480947309725663000 -6.39169070982 -28.4110386593
1480947310483523000 -15.718000412 4.64100027084
1480947310483523000 -6.56840960359 -28.9370098798
1480947311195346000 -16.015001297 5.09100055695
1480947311195346000 -6.72904610092 -29.4697081357
1480947311950848000 -16.3530006409 5.53800058365
1480947311950848000 -6.84314999282 -30.0210163596
1480947312802743000 -16.8080005646 5.95900058746
1480947312802743000 -6.84208444533 -30.6463242146
1480947313610454000 -17.2670021057 6.25900030136
1480947313610454000 -6.7467554033 -31.1767385911
1480947314474008000 -17.7360019684 6.61100053787
1480947314474008000 -6.68737070086 -31.7375093146
1480947315418500000 -18.1760005951 7.06100034714
1480947315418500000 -6.71115877945 -32.3740930776
1480947316227287000 -18.4960021973 7.48200035095
1480947316227287000 -6.79190932224 -32.8942848106
1480947317193701000 -18.9280014038 7.91200065613
1480947317193701000 -6.81820320438 -33.4837779099
1480947318034191000 -19.3620014191 8.17100048065
1480947318034191000 -6.70779926575 -33.9582307469
1480947318988771000 -19.8220005035 8.29200077057
1480947318988771000 -6.43595470331 -34.3280646307
1480947320211651000 -20.2560005188 8.5860004425
1480947320211651000 -6.30569678252 -34.8187628255
1480947321310644000 -20.5450019836 9.02100086212
1480947321310644000 -6.42242793419 -35.3425365039
1480947322359188000 -20.7870006561 9.48100090027
1480947322359188000 -6.56218715291 -35.8340466708
1480947323213874000 -21.0730018616 9.92900085449
1480947323213874000 -6.70385500802 -36.3621848593
1480947324027488000 -21.4150009155 10.4090003967
1480947324027488000 -6.81280556202 -36.9270489809
1480947324685412000 -21.7390022278 10.8340005875
1480947324685412000 -6.90620799692 -37.5011067066
1480947325442186000 -22.1650009155 11.3220005035
1480947325442186000 -6.9725452903 -38.1510691242
1480947326191948000 -22.6470012665 11.8080005646
1480947326191948000 -7.01225250037 -38.8391989155
1480947326891840000 -23.09400177 12.2650003433
1480947326891840000 -7.04424794546 -39.4535817893
1480947327599704000 -23.4260025024 12.7360010147
1480947327599704000 -7.15286123037 -39.9894733897
1480947328464353000 -23.6990013123 13.2100009918
1480947328464353000 -7.31612526844 -40.5061653595
1480947329522729000 -24.0930023193 13.6180009842
1480947329522729000 -7.34844619219 -41.0672549901
1480947330479951000 -24.5460014343 13.9940004349
1480947330479951000 -7.31342832642 -41.6502538796
1480947331329694000 -24.983001709 14.3670005798
1480947331329694000 -7.29179574689 -42.2194010046
1480947332134424000 -25.3910007477 14.6900005341
1480947332134424000 -7.25086353372 -42.763338299
1480947333050838000 -25.8530025482 15.0550012589
1480947333050838000 -7.22137748985 -43.3483034819
1480947334008356000 -26.3190021515 15.4560012817
1480947334008356000 -7.19554929011 -43.9553392782
1480947334859976000 -26.7530021667 15.8690013885
1480947334859976000 -7.18781306377 -44.5487570832
1480947335661676000 -27.1660022736 16.2860012054
1480947335661676000 -7.18604631807 -45.1333451355
1480947336520318000 -27.6010017395 16.7770004272
1480947336520318000 -7.21077050758 -45.7894725299
1480947337324092000 -27.9450016022 17.2380008698
1480947337324092000 -7.30727238648 -46.3601564337
1480947338136850000 -28.3100013733 17.6650009155
1480947338136850000 -7.37106384297 -46.9390085659
1480947338987240000 -28.7440013885 18.0510005951
1480947338987240000 -7.36279818934 -47.5151886836
1480947339894854000 -29.155002594 18.5160007477
1480947339894854000 -7.42089280964 -48.1340954472
1480947340756376000 -29.5610027313 18.983001709
1480947340756376000 -7.49480053331 -48.7355869596
1480947341560189000 -29.9880027771 19.3940010071
1480947341560189000 -7.51069057087 -49.3185932041
1480947342354770000 -30.4220027924 19.7690010071
1480947342354770000 -7.49761409995 -49.904848924
1480947343223411000 -30.8890018463 20.1900005341
1480947343223411000 -7.49179780434 -50.5157556688
1480947344032152000 -31.3810024261 20.5340003967
1480947344032152000 -7.39811746064 -51.1013032787
1480947344743992000 -31.8130016327 20.8610019684
1480947344743992000 -7.33450572518 -51.6676147072
1480947345503825000 -32.2400016785 21.2570018768
1480947345503825000 -7.33796767446 -52.2293552723
1480947346357324000 -32.6710014343 21.7310009003
1480947346357324000 -7.45704100851 -52.8730496024
1480947372306313000 -33.09400177 22.1170005798
1480947372306313000 -7.5878451565 -53.4668361314
1480947374084319000 -33.4820022583 22.5350017548
1480947374084319000 -7.71353102288 -54.0377184648
1480947375444207000 -33.8900032043 22.9670009613
1480947375444207000 -7.79618977686 -54.6462985184
1480947376657251000 -34.3250007629 23.3670005798
1480947376657251000 -7.82492871381 -55.2238320049
1480947377771043000 -34.7650032043 23.7750015259
1480947377771043000 -7.80255312397 -55.8322018687
1480947378884867000 -35.1900024414 24.2380008698
1480947378884867000 -7.80882143713 -56.4478921082
1480947379998798000 -35.6660003662 24.6590023041
1480947379998798000 -7.75213786679 -57.0712117815
1480947380904344000 -36.0810012817 24.9590015411
1480947380904344000 -7.6356943215 -57.6029569208
1480947382005523000 -36.5280036926 25.3150005341
1480947382005523000 -7.55391332143 -58.1558416962
1480947383123961000 -36.9700012207 25.7240009308
1480947383123961000 -7.50812605698 -58.7490829531
1480947384184031000 -37.391002655 26.158000946
1480947384184031000 -7.48699561509 -59.3766941232
1480947385332148000 -37.8430023193 26.6550006866
1480947385332148000 -7.48867884543 -60.0268532329
1480947386289535000 -38.2680015564 27.0750007629
1480947386289535000 -7.46962637989 -60.6566179378
1480947387256936000 -38.716003418 27.5000019073
1480947387256936000 -7.44822312386 -61.2638294761
1480947388149564000 -39.1160011292 27.9290008545
1480947388149564000 -7.46474482168 -61.8805080398
1480947389013193000 -39.4580039978 28.3700008392
1480947389013193000 -7.49471946542 -62.4900255183
1480947389878704000 -39.7690010071 28.7920017242
1480947389878704000 -7.56865934251 -63.0854194212
1480947390887118000 -40.1510009766 29.2300014496
1480947390887118000 -7.64196287423 -63.7161517343
1480947391987352000 -40.6210021973 29.6760025024
1480947391987352000 -7.65937094283 -64.3846033326
1480947393089805000 -41.0660018921 30.1430015564
1480947393089805000 -7.69940661014 -65.0354390937
1480947394198751000 -41.5140037537 30.5980014801
1480947394198751000 -7.71271097493 -65.6582334536
1480947395156167000 -41.9510040283 30.9490013123
1480947395156167000 -7.6491215728 -66.2193128328
1480947396120633000 -42.3850021362 31.2720012665
1480947396120633000 -7.57855864112 -66.7455523733
1480947397069636000 -42.811000824 31.6100025177
1480947397069636000 -7.51426745002 -67.2954748741
1480947398074830000 -43.2600021362 32.0289993286
1480947398074830000 -7.46586655477 -67.9110354947
1480947398926130000 -43.6180038452 32.4630050659
1480947398926130000 -7.48735747527 -68.4845407288
1480947399687784000 -43.8570022583 32.90599823
1480947399687784000 -7.62179982544 -69.0083477886
