1480930405498774000 -14.1909999847 -56.1710014343
1480930405498774000 -25.172602427 -30.5332146159
1480930406741861000 -14.1919994354 -56.1730003357
1480930406741861000 -25.1822159741 -30.5513376873
1480930407877947000 -14.3190002441 -56.2540016174
1480930407877947000 -25.3269456522 -30.5748887348
1480930408980132000 -14.7569999695 -56.2000007629
1480930408980132000 -25.6569731583 -30.3034446226
1480930409861780000 -15.1929998398 -56.1450004578
1480930409861780000 -25.9982863534 -30.0125957541
1480930410692488000 -15.609000206 -56.1480026245
1480930410692488000 -26.3520608916 -29.7910289042
1480930411484432000 -16.0380001068 -56.1250038147
1480930411484432000 -26.70545233 -29.5393474409
1480930412506536000 -16.4750003815 -56.0150032043
1480930412506536000 -27.0183142768 -29.2264036187
1480930414228811000 -16.7189998627 -55.8990020752
1480930414228811000 -27.1585852374 -29.0051717005
1480930418514687000 -16.7189998627 -55.8990020752
1480930418514687000 -27.155899907 -28.9940319984
1480930423168208000 -16.7189998627 -55.8990020752
1480930423168208000 -27.1568136506 -28.9931365417
1480930427526163000 -16.7189998627 -55.8990020752
1480930427526163000 -27.1419376464 -28.9830381593
1480930429610622000 -16.7189998627 -55.9000015259
1480930429610622000 -27.1256711704 -28.9735162837
1480930432445140000 -16.7189998627 -55.8990020752
1480930432445140000 -27.1153392381 -28.9652700236
1480930434685547000 -16.7189998627 -55.9000015259
1480930434685547000 -27.0995339193 -28.9605105182
1480930438187793000 -16.718000412 -55.8990020752
1480930438187793000 -27.0774754717 -28.9475297086
1480930443667872000 -16.718000412 -55.9000015259
1480930443667872000 -27.0645209953 -28.9294695987
1480930448479273000 -16.7159996033 -55.8980026245
1480930448479273000 -27.0579324863 -28.9192560161
1480930451612111000 -16.7159996033 -55.8980026245
1480930451612111000 -27.0411331485 -28.8920274809
1480930454510238000 -16.7150001526 -55.8970031738
1480930454510238000 -27.0260800582 -28.7983966066
1480930460386682000 -16.7140007019 -55.8970031738
1480930460386682000 -26.9929954891 -28.5886382551
1480930464948389000 -16.7070007324 -55.8880004883
1480930464948389000 -26.9446964981 -28.34074065
1480930469586765000 -16.7010002136 -55.8790016174
1480930469586765000 -26.9175244105 -28.2067175708
1480930474218295000 -16.7010002136 -55.8800010681
1480930474218295000 -26.9011755134 -28.1667361853
1480930476426622000 -16.7010002136 -55.8800010681
1480930476426622000 -26.9076620214 -28.1506268544
1480930479306008000 -16.7010002136 -55.8790016174
1480930479306008000 -26.9019849743 -28.1440775909
1480930484056301000 -16.7010002136 -55.8800010681
1480930484056301000 -26.9010130117 -28.1387987078
1480930488625747000 -16.6970005035 -55.8760032654
1480930488625747000 -26.8969875379 -28.1350666431
1480930493091520000 -16.6970005035 -55.8760032654
1480930493091520000 -26.8941231717 -28.1314826662
1480930497670161000 -16.6970005035 -55.8760032654
1480930497670161000 -26.8953067874 -28.1316026615
1480930503108582000 -16.6990013123 -55.8740005493
1480930503108582000 -26.8888974399 -28.1268363408
1480930507890638000 -16.6990013123 -55.8730010986
1480930507890638000 -26.8854545119 -28.1221601069
1480930512394176000 -16.6979999542 -55.8740005493
1480930512394176000 -26.9009392933 -28.1257807318
1480930517265295000 -16.7049999237 -55.861000061
1480930517265295000 -26.8936584729 -28.1145909174
1480930521355705000 -16.7049999237 -55.861000061
1480930521355705000 -26.8881500007 -28.1172684544
1480930525936164000 -16.7049999237 -55.8620033264
1480930525936164000 -26.8859439065 -28.117203378
1480930530489874000 -16.704000473 -55.8620033264
1480930530489874000 -26.8816031798 -28.1160542932
1480930535156725000 -16.704000473 -55.8630027771
1480930535156725000 -26.8714784775 -28.1193063251
1480930539793707000 -16.7010002136 -55.8600006104
1480930539793707000 -26.8772597983 -28.1205460729
1480930543504660000 -16.7019996643 -55.8620033264
1480930543504660000 -26.8686728274 -28.1195400543
1480930563906618000 -16.6920013428 -55.8540000916
1480930563906618000 -26.8586690324 -28.1178534341
1480930576752625000 -16.6920013428 -55.8550033569
1480930576752625000 -26.8639128051 -28.1231680656
1480930587171643000 -16.6840000153 -55.8510017395
1480930587171643000 -26.8613509108 -28.1288288911
1480930590308114000 -16.6840000153 -55.8510017395
1480930590308114000 -26.845618634 -28.1273115527
1480930593433925000 -16.6809997559 -55.8490028381
1480930593433925000 -26.8509898892 -28.1341968747
1480930596201033000 -16.6830005646 -55.8420028687
1480930596201033000 -26.8629029093 -28.1372239565
1480930604429678000 -16.6749992371 -55.8280029297
1480930604429678000 -26.8331298101 -28.1312585708
1480930608115688000 -16.6760005951 -55.8290023804
1480930608115688000 -26.8176015267 -28.1357270853
1480930610836341000 -16.6749992371 -55.8300018311
1480930610836341000 -26.8007680633 -28.1435095417
1480930614864113000 -16.6710014343 -55.8260002136
1480930614864113000 -26.7836595633 -28.1454832145
1480930619051809000 -16.6689987183 -55.8240013123
1480930619051809000 -26.775197152 -28.1462093383
1480930621527790000 -16.6689987183 -55.8240013123
1480930621527790000 -26.7606038441 -28.1525908521
1480930626266344000 -16.6679992676 -55.8250007629
1480930626266344000 -26.7455986654 -28.1537191744
1480930629475892000 -16.6570014954 -55.81300354
1480930629475892000 -26.7042912139 -28.1567951718
1480930634819215000 -16.6570014954 -55.8140029907
1480930634819215000 -26.6886068644 -28.1643682911
1480930641655132000 -16.6570014954 -55.8140029907
1480930641655132000 -26.6739431293 -28.1705372949
1480930645920360000 -16.6560001373 -55.8140029907
1480930645920360000 -26.6687078865 -28.1750075533
1480930651142714000 -16.6560001373 -55.81300354
1480930651142714000 -26.6481509155 -28.1804799709
1480930706586684000 -16.5550003052 -56.0110015869
1480930706586684000 -26.7108623627 -28.3917858624
1480930707822487000 -16.7220001221 -56.0410003662
1480930707822487000 -26.8254151493 -28.312549715
1480930725205251000 -17.0380001068 -56.2750015259
1480930725205251000 -27.2249741509 -28.2875446417
1480930727218929000 -17.0429992676 -56.2680015564
1480930727218929000 -27.2493486802 -28.3024896532
1480930730414858000 -17.0569992065 -56.2450027466
1480930730414858000 -27.289509694 -28.3210675091
1480930735057190000 -17.1650009155 -56.2000007629
1480930735057190000 -27.4059055495 -28.2815338746
1480930737933591000 -17.4650001526 -56.4040031433
1480930737933591000 -27.8102274295 -28.4612344771
1480930740235861000 -17.8920001984 -56.5830001831
1480930740235861000 -28.3463935332 -28.7291501163
1480930741212173000 -18.375 -56.7080001831
1480930741212173000 -28.8393023187 -28.8336997734
1480930742041927000 -18.7989997864 -56.7700004578
1480930742041927000 -29.2917942772 -28.8011363105
1480930742877507000 -19.2400016785 -56.8540039062
1480930742877507000 -29.7103227056 -28.730394912
1480930743700208000 -19.6380004883 -57.0080032349
1480930743700208000 -30.1451166208 -28.7377324862
1480930744757531000 -20.1059989929 -57.3140029907
1480930744757531000 -30.6973118552 -28.8641593648
1480930745765790000 -20.5690002441 -57.5890007019
1480930745765790000 -31.2566004307 -28.9205097264
1480930746688831000 -21.0040016174 -57.794002533
1480930746688831000 -31.8154346653 -28.9006535425
1480930747635701000 -21.452999115 -57.9980010986
1480930747635701000 -32.3616404633 -28.8540736307
1480930748652217000 -21.9270000458 -58.2450027466
1480930748652217000 -32.8630687379 -28.8212684116
1480930749567683000 -22.313999176 -58.3740005493
1480930749567683000 -33.2966262049 -28.7367636788
1480930750852078000 -22.593000412 -58.533000946
1480930750852078000 -33.6221676788 -28.7263531185
1480930751899877000 -22.6010017395 -58.9100036621
1480930751899877000 -33.7873996441 -29.039948723
1480930752835313000 -22.4379997253 -59.3600006104
1480930752835313000 -33.7968220627 -29.526078533
1480930753691459000 -22.2690010071 -59.7880020142
1480930753691459000 -33.7677769119 -29.9829425077
1480930754602415000 -22.0340003967 -60.2070007324
1480930754602415000 -33.722568357 -30.4464617421
1480930755608872000 -21.7280006409 -60.6440010071
1480930755608872000 -33.6554700005 -30.9922067163
1480930756525309000 -21.4619998932 -61.0830039978
1480930756525309000 -33.6158428018 -31.5194783345
1480930757523632000 -21.204000473 -61.5500030518
1480930757523632000 -33.6030247304 -32.030638515
1480930758491976000 -20.9780006409 -61.9800033569
1480930758491976000 -33.600911341 -32.5325658148
1480930759549776000 -20.7670001984 -62.4120025635
1480930759549776000 -33.6142202871 -33.0106435683
1480930760567706000 -20.5320014954 -62.8830032349
1480930760567706000 -33.6265638618 -33.5266295478
1480930761509192000 -20.3030014038 -63.3320007324
1480930761509192000 -33.6282051666 -34.0388909168
1480930762424671000 -20.0880012512 -63.7520027161
1480930762424671000 -33.6263954812 -34.5013683251
1480930763279502000 -19.908000946 -64.1679992676
1480930763279502000 -33.6469390721 -34.9536622858
1480930764109998000 -19.7610015869 -64.5709991455
1480930764109998000 -33.6967055766 -35.3939685109
1480930765015488000 -19.5900001526 -65.0210037231
1480930765015488000 -33.7365721155 -35.8667332483
1480930765972957000 -19.4000015259 -65.4810028076
1480930765972957000 -33.7731104212 -36.3552909725
1480930766888479000 -19.1979999542 -65.9090042114
1480930766888479000 -33.7946689715 -36.8520179056
1480930767905904000 -18.9140014648 -66.3640060425
1480930767905904000 -33.7374900913 -37.3788888571
1480930768957958000 -18.6009998322 -66.8300018311
1480930768957958000 -33.6517387487 -37.9372525455
1480930769965469000 -18.327999115 -67.2950057983
1480930769965469000 -33.6133046629 -38.4745252012