1480924831796635000 13.3780021667 -27.4510002136
1480924831796635000 -0.126317086896 0.109124633428
1480924833812068000 13.2030010223 -27.2210006714
1480924833812068000 -0.412330058105 0.0825999180278
1480924834385663000 13.2020015717 -27.2220001221
1480924834385663000 -0.412319704691 0.0613336424786
1480924835875746000 13.2020015717 -27.2220001221
1480924835875746000 -0.423865047925 0.0678883385313
1480924849361261000 12.7730007172 -27.0030002594
1480924849361261000 -0.860050217736 -0.120872278364
1480924850315722000 12.3060016632 -26.8250007629
1480924850315722000 -1.2911972804 -0.372242438008
1480924851175213000 11.8680019379 -26.6960010529
1480924851175213000 -1.68023087256 -0.624276437017
1480924851938898000 11.4530010223 -26.593000412
1480924851938898000 -2.04920109117 -0.883532082843
1480924853050260000 11.0170021057 -26.5109996796
1480924853050260000 -2.39920711481 -1.17633668602
1480924923457370000 10.5810012817 -26.4630012512
1480924923457370000 -2.71503566698 -1.48768604179
1480924924383977000 10.1350002289 -26.422000885
1480924924383977000 -3.03953179606 -1.81412731017
1480924925243533000 9.68500137329 -26.4840011597
1480924925243533000 -3.28185615747 -2.19192785591
1480924926170195000 9.23500061035 -26.6280002594
1480924926170195000 -3.446002412 -2.60722708685
1480924927033723000 8.81900024414 -26.8250007629
1480924927033723000 -3.55716373068 -3.07281270731
1480924928029982000 8.34700012207 -27.0460014343
1480924928029982000 -3.67249126769 -3.55031346191
1480924928790841000 7.95900058746 -27.2220001221
1480924928790841000 -3.77619031527 -3.97955132708
1480924929753281000 7.48800086975 -27.4210014343
1480924929753281000 -3.91444798187 -4.45922852656
1480924930618847000 7.06400108337 -27.5820007324
1480924930618847000 -4.05021521944 -4.86831492514
1480924931542331000 6.62600135803 -27.7460002899
1480924931542331000 -4.21255770305 -5.31895651489
1480924932496813000 6.1980009079 -28.0260009766
1480924932496813000 -4.26250127883 -5.82853348338
1480924933557140000 5.77300071716 -28.3850002289
1480924933557140000 -4.24586332255 -6.37928038044
1480924934566559000 5.35000133514 -28.6990013123
1480924934566559000 -4.2673145148 -6.90367008715
1480924935627761000 4.89300060272 -29.0190010071
1480924935627761000 -4.31056576048 -7.4557785511
1480924936687080000 4.44100093842 -29.3420009613
1480924936687080000 -4.35242406845 -8.03906069124
1480924937800539000 3.95600128174 -29.6870002747
1480924937800539000 -4.39529442175 -8.6182412297
1480924938931441000 3.49600124359 -30.0100002289
1480924938931441000 -4.43137364354 -9.16908822291
1480924940136765000 3.08300113678 -30.3240013123
1480924940136765000 -4.45326553537 -9.71020084074
1480924941267753000 2.62000083923 -30.7020015717
1480924941267753000 -4.44348314785 -10.2910895408
1480924942381996000 2.20000076294 -30.9400005341
1480924942381996000 -4.52547898039 -10.7610430085
1480924944405626000 1.78700065613 -31.1090011597
1480924944405626000 -4.68192543161 -11.1970180415
1480924946382913000 1.36900043488 -31.2220001221
1480924946382913000 -4.85503567256 -11.601471894
1480924961402690000 1.00400066376 -31.1750011444
1480924961402690000 -5.1674505602 -11.8452117467
1480924962615458000 1.00400066376 -31.1750011444
1480924962615458000 -5.2828154119 -11.7890468337
1480924963760675000 1.00400066376 -31.1760005951
1480924963760675000 -5.32364483562 -11.7462963959
1480924978260417000 1.22500038147 -31.3080005646
1480924978260417000 -5.00269978515 -11.6897336196
1480924979460415000 1.24600028992 -31.6930007935
1480924979460415000 -4.62828456547 -11.9498858968
1480924980366828000 1.02700042725 -32.1370010376
1480924980366828000 -4.41351111479 -12.4380748831
1480924981516482000 0.686000823975 -32.6150016785
1480924981516482000 -4.29804924364 -13.0248582241
1480924982629455000 0.263000488281 -33.0279998779
1480924982629455000 -4.3237888869 -13.6275735099
1480924983533935000 -0.146999359131 -33.2600021362
1480924983533935000 -4.47908662826 -14.1091753297
1480924984420349000 -0.625999450684 -33.4390029907
1480924984420349000 -4.70771616772 -14.547425453
1480924985356957000 -1.07899951935 -33.6030006409
1480924985356957000 -4.93810768111 -14.993762742
1480924986301347000 -1.48499917984 -33.5740013123
1480924986301347000 -5.26362601965 -15.2684680179
1480924988918213000 -1.71199941635 -33.4680023193
1480924988918213000 -5.5169702767 -15.3671044768
1480925021507876000 -1.67899942398 -33.561000824
1480925021507876000 -5.4641940294 -15.4094517164
1480925023467694000 -1.37099933624 -33.7560005188
1480925023467694000 -5.13568591132 -15.3416695691
1480925025624275000 -0.960999488831 -33.6420021057
1480925025624275000 -4.93029499851 -14.998784967
1480925031337115000 -0.972999572754 -33.6180000305
1480925031337115000 -4.96002347177 -14.9975481576
1480925033140171000 -1.41699934006 -33.5569992065
1480925033140171000 -5.32381606696 -15.263856943
1480925035764969000 -1.49999952316 -33.5250015259
1480925035764969000 -5.41946468673 -15.309266336
1480925427665947000 -1.49899959564 -33.5250015259
1480925427665947000 -5.42675391985 -15.3156030831
1480925477291094000 -1.48999929428 -33.5190010071
1480925477291094000 -5.42762564596 -15.3214649895
1480925479760777000 -1.48999929428 -33.5180015564
1480925479760777000 -5.45830805474 -15.3398104548
1480925482350040000 -1.49499940872 -33.5210037231
1480925482350040000 -5.46979435977 -15.3591589518
1480925484803038000 -1.55999946594 -33.5930023193
1480925484803038000 -5.47869521583 -15.4769206134
1480925485947073000 -1.55999946594 -33.5930023193
1480925485947073000 -5.56018535825 -15.5894319492
1480925487150287000 -1.51899957657 -33.5530014038
1480925487150287000 -5.56338261488 -15.5640992724
1480925488489655000 -1.28099918365 -33.5650024414
1480925488489655000 -5.34489642443 -15.3672995332
1480925491428432000 -1.09099960327 -33.6420021057
1480925491428432000 -5.05386887553 -15.2207426353
1480925494445408000 -0.941999435425 -33.4430007935
1480925494445408000 -5.05627981292 -14.9663179378
1480925501558036000 -0.575999259949 -33.1190032959
1480925501558036000 -4.9640819708 -14.4560335881
1480925504920443000 -0.498999595642 -32.8810005188
1480925504920443000 -5.11629160269 -14.2330988879
1480925506852473000 -0.500999450684 -32.7740020752
1480925506852473000 -6.00212134831 -14.3551410277
1480925567621511000 -0.316999435425 -32.7949981689
1480925567621511000 -5.57695034423 -14.109248218
1480925569206893000 0.0200004577637 -32.8280029297
1480925569206893000 -5.13388818366 -13.8290079652
1480925570882170000 0.204000473022 -32.4869995117
1480925570882170000 -4.82514992788 -13.3763225696
1480925572700440000 0.414000511169 -32.1470031738
1480925572700440000 -7.41591617463 -13.856918845
1480925574888686000 0.410000801086 -31.9590015411
1480925574888686000 -7.57574206784 -13.9285485888
1480925576046836000 0.50800037384 -31.9600009918
1480925576046836000 -7.60034281129 -13.8627678192
1480925578963086000 0.643000602722 -32.2050018311
1480925578963086000 -7.41869059651 -13.6850050796
1480925581043684000 0.965001106262 -32.5390014648
1480925581043684000 -4.11387423848 -12.8363984098
1480925583374116000 1.39800071716 -32.6040000916
1480925583374116000 -3.73800132538 -12.6215472084
1480925584760767000 1.73200035095 -32.2960014343
1480925584760767000 -3.69130283009 -12.1453146381
1480925585705200000 1.84600067139 -31.8710002899
1480925585705200000 -3.91044732567 -11.7461811707
1480925586621948000 1.74800109863 -31.4060001373
1480925586621948000 -4.32983959028 -11.4302039629
1480925587629221000 1.37200069427 -31.0400009155
1480925587629221000 -8.63009117434 -13.3330108622
1480925588555809000 0.972001075745 -30.8910007477
1480925588555809000 -8.63548024063 -13.7422170692
1480925829859628000 1.05800056458 -30.875
1480925829859628000 -8.65763423674 -13.6680324421
1480925855073966000 0.788001060486 -31.3280010223
1480925855073966000 -8.16868332544 -13.8429770991
1480925856281102000 0.494000434875 -31.7779998779
1480925856281102000 -7.67971888329 -14.0349107689
1480925857238424000 0.178000450134 -32.2000007629
1480925857238424000 -7.17390639942 -14.2479838928
1480925858053134000 -0.111999511719 -32.6360015869
1480925858053134000 -6.68695520224 -14.390696861
1480925858842842000 -0.398999214172 -33.1129989624
1480925858842842000 -6.15049170937 -14.5136146183
1480925859507792000 -0.657999515533 -33.5050010681
1480925859507792000 -5.70659910509 -14.7122303214
1480925860311530000 -1.02399921417 -33.9570007324
1480925860311530000 -5.24137967015 -15.0409694938
1480925861073163000 -1.34599924088 -34.4120025635
1480925861073163000 -4.81000023504 -15.3989601038
1480925861976652000 -1.72899961472 -34.8700027466
1480925861976652000 -4.31472124022 -15.7452801485
1480925863085923000 -2.12299966812 -35.2670021057
1480925863085923000 -4.06806422949 -17.1562784062
1480925865289596000 -2.19399929047 -35.3640022278
1480925865289596000 -4.01837705859 -17.115216494
1480925866463697000 -2.20899963379 -35.34400177
1480925866463697000 -4.10351753561 -17.2730545309
1480925915477724000 -2.0049996376 -35.0960006714
1480925915477724000 -4.16328509255 -16.9364486229
1480925917637142000 -1.59699964523 -34.6930007935
1480925917637142000 -4.2031770241 -16.3802161888
1480925919868479000 -1.59899950027 -34.6940002441
1480925919868479000 -4.19872642223 -16.365102715
1480925921083393000 -1.59899950027 -34.6940002441
1480925921083393000 -4.18443064667 -16.3528053869
1480925944395226000 -1.58699941635 -34.6140022278
1480925944395226000 -4.22277357236 -16.2852934828
1480925945716315000 -1.64799928665 -34.5270004272
1480925945716315000 -4.32761842918 -16.2474601427
1480925947276318000 -1.31699943542 -34.4099998474
1480925947276318000 -4.20064544514 -15.9364003566
1480925948227275000 -0.896999359131 -34.1459999084
1480925948227275000 -4.09493841844 -15.4454406071
1480925949037477000 -0.494999408722 -33.8860015869
1480925949037477000 -3.97496901511 -14.9416871809
1480925949850142000 -0.0709991455078 -33.6210021973
1480925949850142000 -3.87388972156 -14.4989685535
1480925950649863000 0.387001037598 -33.3619995117
1480925950649863000 -3.69050098394 -13.9650856646
1480925951465516000 0.882000923157 -33.1050033569
1480925951465516000 -3.53285500606 -13.4431634727
1480925966999528000 1.29300117493 -32.8720016479
1480925966999528000 -3.3994709357 -12.9680864564
1480925977237966000 1.7110004425 -32.9720001221
1480925977237966000 -3.01618416849 -12.7362241127
1480925978737637000 2.1370010376 -32.8470001221
1480925978737637000 -2.79401847263 -12.3161776592
1480925980002536000 2.55900096893 -32.5400009155
1480925980002536000 -2.69993593379 -11.7698086877
1480925981114787000 2.8390007019 -32.1230010986
1480925981114787000 -2.80627825491 -11.2550360697
1480925982480565000 3.10100078583 -31.6890010834
1480925982480565000 -2.94519791579 -10.7556752972
1480925983489599000 3.3870010376 -31.2980003357
1480925983489599000 -3.02739238154 -10.2545856921
1480925984593437000 3.7620010376 -30.829000473
1480925984593437000 -3.08474553677 -9.66199766751
1480925985504659000 4.14500045776 -30.4099998474
1480925985504659000 -3.10956316904 -9.09644400897
1480925986460390000 4.59100055695 -29.9450016022
1480925986460390000 -3.11582934147 -8.45122639743
1480925987366585000 5.01400089264 -29.5030002594
1480925987366585000 -3.13191552984 -7.84496707488
1480925988333411000 5.44700050354 -29.0370006561
1480925988333411000 -3.1610835103 -7.2203015665
1480925989184832000 5.82500076294 -28.6420001984
1480925989184832000 -3.18681265882 -6.63472345389
1480925989989360000 6.24300098419 -28.283000946
1480925989989360000 -3.14741295101 -6.08441070589
1480925990797197000 6.67500114441 -27.9420013428
1480925990797197000 -3.08076382276 -5.54443360865
1480925991603296000 7.12600135803 -27.625
1480925991603296000 -2.98192644727 -5.00927851301
1480925992475059000 7.57500076294 -27.2300014496
1480925992475059000 -2.94682193017 -4.4309763938
1480925993225141000 7.95900058746 -26.8789997101
1480925993225141000 -2.91964933267 -3.87318058126
1480925994227585000 8.42600059509 -26.4390010834
1480925994227585000 -2.90742537713 -3.26836300236
1480925995124383000 8.77500152588 -26.0130004883
1480925995124383000 -2.97429586885 -2.6934485996
1480925996139523000 9.22400093079 -25.6830005646
1480925996139523000 -2.88957782447 -2.14558238432