1481018429301344000 -108.003005981 65.9570007324
1481018429301344000 -0.399655970433 0.0188058440385
1481018430420461000 -107.937004089 65.9410018921
1481018430420461000 -0.448822202249 0.011335485155
1481018431282069000 -107.937004089 65.9430007935
1481018431282069000 -0.456199697924 0.0037634335856
1481018444466831000 -107.854003906 65.9770050049
1481018444466831000 -0.535632417629 -0.0468220167281
1481018445956395000 -107.437004089 66.3339996338
1481018445956395000 -0.84119230206 -0.512416098115
1481018447004582000 -107.00100708 66.6959991455
1481018447004582000 -1.18410042266 -0.97744134574
1481018447957132000 -106.554008484 66.9309997559
1481018447957132000 -1.56703354556 -1.3173322846
1481018448914764000 -106.123008728 66.9550018311
1481018448914764000 -1.99087050049 -1.44019514793
1481018450593729000 -105.833007812 66.8690032959
1481018450593729000 -2.31044546509 -1.41609546754
1481018451712089000 -105.82800293 66.861000061
1481018451712089000 -2.31668219455 -1.401995235
1481018452893546000 -105.82800293 66.861000061
1481018452893546000 -2.31487930399 -1.40570328063
1481018454095120000 -105.82900238 66.8619995117
1481018454095120000 -2.29977578512 -1.41515666415
1481018455493836000 -105.756004333 67.1190032959
1481018455493836000 -2.32411414878 -1.69238276541
1481018456746870000 -105.339004517 67.5250015259
1481018456746870000 -2.64945714786 -2.16197977146
1481018457805192000 -104.909004211 67.8929977417
1481018457805192000 -3.06087494518 -2.598479551
1481018458903419000 -104.559005737 68.3560028076
1481018458903419000 -3.38673383192 -3.08765374933
1481018459818799000 -104.341003418 68.7890014648
1481018459818799000 -3.57621211951 -3.53371698328
1481018460776286000 -104.15700531 69.2649993896
1481018460776286000 -3.70116547375 -3.98615027675
1481018461648875000 -103.958007812 69.7060012817
1481018461648875000 -3.84915635611 -4.44187776714
1481018462604768000 -103.737007141 70.1590042114
1481018462604768000 -3.99473980399 -4.88522948781
1481018463558789000 -103.506004333 70.5970001221
1481018463558789000 -4.18946255657 -5.36931829388
1481018464423442000 -103.398002625 71.0320053101
1481018464423442000 -4.24437394897 -5.79906021233
1481018465193126000 -103.349006653 71.4270019531
1481018465193126000 -4.24206688788 -6.20813032923
1481018466047804000 -103.294006348 71.8759994507
1481018466047804000 -4.24319958778 -6.65892218844
1481018466912359000 -103.223007202 72.3209991455
1481018466912359000 -4.24932560487 -7.08596214376
1481018467703223000 -103.14200592 72.7509994507
1481018467703223000 -4.28415573748 -7.54470205915
1481018468515709000 -103.060005188 73.171005249
1481018468515709000 -4.31975049194 -7.9669783938
1481018469330125000 -102.977005005 73.5760040283
1481018469330125000 -4.36234337398 -8.39567447545
1481018470141097000 -102.888008118 74.0040054321
1481018470141097000 -4.40117311595 -8.82104721979
1481018471087564000 -102.793006897 74.4440002441
1481018471087564000 -4.44200173626 -9.26899865113
1481018471940550000 -102.808006287 74.8690032959
1481018471940550000 -4.37910022607 -9.69687877694
1481018472762358000 -102.924003601 75.3140029907
1481018472762358000 -4.21843728771 -10.1149603944
1481018473628394000 -103.054008484 75.7560043335
1481018473628394000 -4.04561373759 -10.5287214187
1481018474533931000 -103.155006409 76.21900177
1481018474533931000 -3.88564227967 -11.003531438
1481018475414517000 -103.132003784 76.6720046997
1481018475414517000 -3.8507626995 -11.4451760901
1481018476306070000 -103.008003235 77.1310043335
1481018476306070000 -3.93203733349 -11.9262758062
1481018477242544000 -102.769004822 77.546005249
1481018477242544000 -4.15553801502 -12.3784919876
1481018478199052000 -102.601005554 78.0220031738
1481018478199052000 -4.28144603767 -12.869239457
1481018484798280000 -102.542007446 78.3320007324
1481018484798280000 -4.31644795995 -13.1865450434
1481018486615273000 -102.539009094 78.3320007324
1481018486615273000 -4.34483749736 -13.1886449608
1481018487915339000 -102.379005432 78.1430053711
1481018487915339000 -4.51304670594 -12.9913075608
1481018488944506000 -102.374008179 77.7150039673
1481018488944506000 -4.56629992358 -12.5579627974
1481018489861961000 -102.289009094 77.2529983521
1481018489861961000 -4.69332634149 -12.1134948687
1481018491208876000 -101.947006226 76.8290023804
1481018491208876000 -5.07712914008 -11.7005098004
1481018494247954000 -101.778007507 76.7480010986
1481018494247954000 -5.3081602247 -11.6116244727
1481018496020979000 -101.779006958 76.75
1481018496020979000 -5.56096724127 -11.4666024685
1481018516160368000 -102.159004211 77.1809997559
1481018516160368000 -5.17476279111 -11.8560808245
1481018518739209000 -102.359008789 77.5859985352
1481018518739209000 -5.00246707945 -12.1871910412
1481018522735634000 -102.365005493 77.6020050049
1481018522735634000 -4.98240914913 -12.1822077787
1481018523837790000 -102.399002075 77.5979995728
1481018523837790000 -4.82450862155 -12.2065274577
1481018525073844000 -102.410003662 77.6279983521
1481018525073844000 -4.71843107489 -12.278451673
1481018527257202000 -102.331008911 77.9449996948
1481018527257202000 -4.77675250272 -12.6256131214
1481018528685860000 -102.488006592 78.3629989624
1481018528685860000 -4.53883920627 -13.0703317759
1481018529983770000 -102.690002441 78.78099823
1481018529983770000 -4.20105297053 -13.5582302504
1481018531227712000 -102.687004089 79.2109985352
1481018531227712000 -4.10568496417 -14.0324077604
1481018532841331000 -102.321006775 79.5970001221
1481018532841331000 -4.4769187964 -14.4528306812
1481018534506606000 -101.887008667 79.9920043945
1481018534506606000 -4.90954671192 -14.8596476445
1481018536713999000 -101.46900177 80.3059997559
1481018536713999000 -5.34300917153 -15.1903590348
1481018541184124000 -101.459007263 80.3090057373
1481018541184124000 -5.38922544487 -15.2176609457
1481018556686509000 -101.462005615 80.310005188
1481018556686509000 -5.44300855703 -15.2459663639
1481018559463856000 -101.48600769 80.3120040894
1481018559463856000 -5.42119717179 -15.2679372425
1481018575017758000 -101.48500824 80.2990036011
1481018575017758000 -5.43505817881 -15.2598871569
1481018577490937000 -101.484008789 80.2990036011
1481018577490937000 -5.46733719147 -15.2718952161
1481018579791320000 -101.46900177 80.3290023804
1481018579791320000 -5.47360889006 -15.3039186511
1481018602408147000 -101.559005737 80.1500015259
1481018602408147000 -5.40698897957 -15.1551248356
1481018603763176000 -101.550003052 80.1490020752
1481018603763176000 -5.43794901777 -15.203479064
1481018604864051000 -101.549003601 80.1409988403
1481018604864051000 -5.43981851449 -15.2767783162
1481018606137052000 -101.577003479 80.111000061
1481018606137052000 -5.33615996404 -15.2216505221
1481018608932395000 -101.841003418 80.2290039062
1481018608932395000 -4.98653967564 -15.2517111615
1481018611052890000 -101.961006165 80.3059997559
1481018611052890000 -4.83299489294 -15.2870051403
1481018612923033000 -101.880004883 80.4630050659
1481018612923033000 -4.92560280079 -15.4677126195
1481018614547328000 -101.824005127 80.4879989624
1481018614547328000 -5.02918048647 -15.5436284109
1481018615709521000 -101.824005127 80.4879989624
1481018615709521000 -5.0208874047 -15.5546931709
1481018616798686000 -101.831008911 80.483001709
1481018616798686000 -4.93831980916 -15.4509930701
1481018618024661000 -101.855003357 80.4920043945
1481018618024661000 -4.84084982936 -15.3642817334
1481018619245841000 -101.852005005 80.5120010376
1481018619245841000 -4.857621754 -15.370411191
1481018620838119000 -101.815002441 80.5419998169
1481018620838119000 -4.95505514257 -15.4473496858
1481018621980337000 -101.814002991 80.5429992676
1481018621980337000 -4.99593305092 -15.4842935583
1481018623287207000 -101.820007324 80.5230026245
1481018623287207000 -4.94938763978 -15.4161666998
1481018624574153000 -101.836006165 80.5149993896
1481018624574153000 -4.85240697106 -15.2968238929
1481018625808297000 -101.905006409 80.5989990234
1481018625808297000 -4.76548967875 -15.3368772368
1481018627360587000 -101.848007202 80.7450027466
1481018627360587000 -4.88761028638 -15.5080185664
1481018628697285000 -101.771003723 80.7710037231
1481018628697285000 -5.01422553567 -15.5395969237
1481018630339873000 -101.771003723 80.7730026245
1481018630339873000 -4.98946848007 -15.5112565147
1481018631449838000 -101.771003723 80.7720031738
1481018631449838000 -4.95885281334 -15.462223812
1481018632537232000 -101.806007385 80.7840042114
1481018632537232000 -4.90010492098 -15.4420313136
1481018633651279000 -101.848007202 80.8820037842
1481018633651279000 -4.89847335113 -15.5435870016
1481018634854286000 -101.823005676 80.9370040894
1481018634854286000 -4.96210581877 -15.608234689
1481018636479722000 -101.825004578 80.9370040894
1481018636479722000 -4.98105223677 -15.6225130185
1481018637983266000 -101.825004578 80.9370040894
1481018637983266000 -4.96226488204 -15.6121494103
1481018639658513000 -101.849006653 80.9110031128
1481018639658513000 -4.90560538607 -15.5746941979
1481018640745706000 -101.893005371 80.9329986572
1481018640745706000 -4.8611280711 -15.5950232135
1481018643157818000 -101.902008057 81.1549987793
1481018643157818000 -4.94990614777 -15.7992158412
1481018647178230000 -101.943008423 81.5200042725
1481018647178230000 -5.07401544578 -16.130239611
1481018649382758000 -101.968002319 81.5960006714
1481018649382758000 -5.10646551852 -16.2343300632
1481018650842275000 -101.968002319 81.5960006714
1481018650842275000 -5.12140636291 -16.2368115419
1481018654311029000 -101.968002319 81.5960006714
1481018654311029000 -5.15183245272 -16.2385127214
1481018660824095000 -101.951004028 81.6170043945
1481018660824095000 -8.05656119512 -15.5709188409
