1483434783724227000 14.7310009003 64.71900177
1483434783724227000 -6.82171266326 -36.7220148271
1483434844530089000 14.7420005798 64.7220077515
1483434844530089000 -6.82074621217 -36.7252376775
1483434894088120000 14.7420005798 64.7210006714
1483434894088120000 -6.82990101609 -36.7144127295
1483434895324441000 14.7420005798 64.7210006714
1483434895324441000 -6.85211917719 -36.7253447545
1483434898391766000 14.7740011215 64.7940063477
1483434898391766000 -6.95809503879 -36.732237867
1483434900966539000 14.7740011215 64.7950057983
1483434900966539000 -6.98833152258 -36.7512531343
1483434903424238000 14.7730007172 64.7950057983
1483434903424238000 -7.04916672517 -36.7324520935
1483434905763334000 14.7720003128 64.7810058594
1483434905763334000 -7.07161301028 -36.7070163611
1483434907474356000 14.9930009842 64.341003418
1483434907474356000 -6.70233145539 -36.5285466903
1483434908514538000 15.1060009003 63.8680038452
1483434908514538000 -6.32218004631 -36.395319029
1483434909490026000 15.0730009079 63.43800354
1483434909490026000 -5.95009049831 -36.3994053678
1483434910454370000 14.9990005493 63.0149993896
1483434910454370000 -5.40003079721 -36.8802149907
1483434911400020000 14.9720010757 62.5780029297
1483434911400020000 -5.48305717935 -35.1996494513
1483434912512148000 15.1210002899 62.1520004272
1483434912512148000 -5.21394080993 -34.5886996716
1483434913416251000 14.9860010147 61.7130050659
1483434913416251000 -4.71710203924 -34.8910487022
1483434914351582000 14.813000679 61.3020019531
1483434914351582000 -4.3501938162 -34.3843587434
1483434915300991000 14.9480009079 60.8629989624
1483434915300991000 -4.08316174443 -34.0108801515
