1483604875017734000 29.783000946 14.7420024872
1483604875017734000 -5.28982764915 13.397061558
1483604877176959000 30.2050018311 14.6810026169
1483604877176959000 -5.64941360811 13.6791014842
1483604878389888000 30.6530017853 14.7430019379
1483604878389888000 -6.05883066601 13.8518005919
1483604879502962000 31.0690021515 14.905002594
1483604879502962000 -6.44926259829 13.9886614059
1483604957973093000 30.8850021362 14.9800024033
1483604957973093000 -6.29733909786 13.8746365901
1483604958985441000 30.4330024719 14.9740018845
1483604958985441000 -5.94202945879 13.606891658
1483604959847520000 30.0200023651 14.9260025024
1483604959847520000 -5.64082471163 13.3446368196
1483604960653557000 29.6030006409 14.9220018387
1483604960653557000 -5.3732824553 13.0314901891
1483604961609852000 29.1450023651 14.9660024643
1483604961609852000 -5.3865540546 12.5242588303
1483604962566304000 28.6980018616 15.0020027161
1483604962566304000 -5.60199409863 12.0059058035
1483604963489760000 28.2720012665 14.9240026474
1483604963489760000 -5.70967669736 11.5258439277
1483604964581829000 27.8770008087 14.5670022964
1483604964581829000 -5.76027036067 10.977380875
1483604965795783000 27.5350017548 14.1120023727
1483604965795783000 -5.33585125806 10.6379889971
1483604966802099000 27.3140010834 13.6820020676
1483604966802099000 -4.94878588504 10.4092395436
1483604968054994000 26.9000015259 13.2850017548
1483604968054994000 -4.56251845813 10.0012025387
1483604969107194000 26.4410018921 13.0610017776
1483604969107194000 -4.34913333835 9.53127728794
1483604970059948000 26.0020008087 12.8090019226
1483604970059948000 -4.06200360495 9.10558983753
1483604971128891000 25.5300006866 12.5340023041
1483604971128891000 -3.93622404597 8.56148862984
1483604972004576000 25.0800018311 12.4730024338
1483604972004576000 -4.201008874 8.01767761591
1483604972818006000 24.6490020752 12.3230018616
1483604972818006000 -4.39369016373 7.25996506543
1483604973807209000 24.2750015259 11.9550018311
1483604973807209000 -4.10203308469 6.81963729743
1483604974723750000 24.0920009613 11.5350017548
1483604974723750000 -3.70602259652 6.56377728656
1483604975976804000 23.7730007172 11.169002533
1483604975976804000 -3.45600209718 6.14804888215
1483604977087725000 23.3710002899 11.2090024948
1483604977087725000 -3.65707846619 5.75575620868
1483604980622778000 22.9650020599 11.439002037
1483604980622778000 -4.12362009661 5.61162381742
1483604982556405000 22.7340011597 11.4520025253
1483604982556405000 -4.26338092942 5.23328980616
1483604984614967000 22.4850006104 11.4420022964
1483604984614967000 -4.35165626377 5.16919670501
1483605013045830000 22.1500015259 11.6370019913
1483605013045830000 -4.67652833528 4.92894855041
1483605015678265000 22.1510009766 11.6370019913
1483605015678265000 -4.64723356344 4.76615170639
1483605016888449000 22.1410007477 11.6430025101
1483605016888449000 -4.68886779057 4.9468502563
