1484645711522876000 -40.2870025635 13.2500009537
1484645711522876000 -5.2433103842 13.2987076683
1484645718372756000 -40.2870025635 13.2500009537
1484645718372756000 -5.23476893106 13.3152041678
1484645752096717000 -40.2870025635 13.251001358
1484645752096717000 -5.22243693077 13.3051278605
1484645753287607000 -40.2880020142 13.251001358
1484645753287607000 -5.17701656546 13.3028218992
1484645754429540000 -40.2770004272 13.2420015335
1484645754429540000 -5.16755652306 13.3130266009
1484645756466062000 -40.2980003357 13.158000946
1484645756466062000 -5.15325077834 13.2378408282
1484645758893790000 -40.3670005798 13.1020011902
1484645758893790000 -5.18515399028 13.1540911492
1484645760156069000 -40.3680000305 13.1020011902
1484645760156069000 -5.17907034929 13.152523026
1484645761323790000 -40.3680000305 13.1020011902
1484645761323790000 -5.13282856061 13.1390801208
1484645762750933000 -40.3480033875 13.1000013351
1484645762750933000 -5.09228433036 13.1317353432
1484645763873072000 -40.3280029297 13.0550012589
1484645763873072000 -5.0521096468 13.1096894143
1484645765373114000 -40.4630012512 12.610001564
1484645765373114000 -4.94535297159 12.6902455783
1484645766189030000 -40.46900177 12.1840009689
1484645766189030000 -4.81965374942 12.3113743943
1484645766983673000 -40.3920021057 11.7370014191
1484645766983673000 -4.7485782121 11.9337947798
1484645767859367000 -40.2210006714 11.3230009079
1484645767859367000 -4.55079014747 11.624422948
1484645768915466000 -39.8680000305 10.8830013275
1484645768915466000 -3.68217944009 11.5018466912
1484645769853577000 -39.6240005493 10.4630012512
1484645769853577000 -3.04434092134 11.4197391322
1484645770932737000 -39.6770019531 10.001001358
1484645770932737000 -2.82996749234 11.0759583256
1484645771940947000 -40.0290031433 9.68500137329
1484645771940947000 -2.78126054534 10.6894232859
1484645772905878000 -40.5090026855 9.6530008316
1484645772905878000 -3.09283042936 10.3448415716
1484645773851605000 -41.0069999695 9.55000114441
1484645773851605000 -2.91647042811 9.98744661192
1484645775049441000 -41.4430007935 9.46500110626
1484645775049441000 -3.14722383766 9.61606716292
1484645779040553000 -41.6630020142 9.1950006485
1484645779040553000 -3.09882679036 9.27096730842
1484645782888789000 -41.9910011292 8.81400108337
1484645782888789000 -3.04283516512 8.7708839935
1484645823854095000 -42.1490020752 8.81200122833
1484645823854095000 -3.14906076402 8.66380371065
1484645830387617000 -42.4480018616 8.63600063324
1484645830387617000 -3.21215447189 8.33261075213
1484645835328939000 -42.8590011597 8.29400062561
1484645835328939000 -3.23429391628 7.80864505932
1484645838345626000 -43.2690010071 7.92900085449
1484645838345626000 -3.26114321986 7.28023729458
1484645839691188000 -43.7150001526 7.51300096512
1484645839691188000 -3.37655003793 6.69539285636
1484645840906297000 -44.1599998474 7.0890007019
1484645840906297000 -3.48292430644 6.10307533483
1484645842051143000 -44.5960006714 6.66600084305
1484645842051143000 -3.55721081416 5.50569948988
1484645843151294000 -45.0230026245 6.29000091553
1484645843151294000 -3.61359027663 4.93407626318
1484645844058578000 -45.4770011902 6.22100067139
1484645844058578000 -3.87206975903 4.57788641805
1484645845462220000 -45.9120025635 6.39600086212
1484645845462220000 -12.1779360135 10.7293615454
1484645846858810000 -46.2200012207 6.45400094986
1484645846858810000 -12.3633278309 11.0380233274
1484645848606859000 -46.2490005493 6.43000078201
1484645848606859000 -12.4100787539 11.0722674389
1484645849983244000 -46.1850013733 6.34400081635
1484645849983244000 -12.4170422649 10.9875140659
1484645851291877000 -45.7470016479 6.33400058746
1484645851291877000 -12.0916912235 10.7200116648
1484645852295567000 -45.2980003357 6.48400068283
1484645852295567000 -11.6394240739 10.5867595887
1484645853249575000 -44.8630027771 6.61900091171
1484645853249575000 -11.210634229 10.4601056191
1484645854198940000 -44.4420013428 6.78900098801
1484645854198940000 -10.7707147712 10.3645328266
1484645855369834000 -43.9740028381 7.08500099182
1484645855369834000 -10.2291079809 10.3344949511
1484645856461972000 -43.5680007935 7.41500091553
1484645856461972000 -9.71356099991 10.3731239827
1484645857603839000 -43.141002655 7.76100111008
1484645857603839000 -9.17196361709 10.4101021778
1484645858681984000 -42.7320022583 8.04100131989
1484645858681984000 -8.6779131549 10.4051437319
1484645859812967000 -42.2770004272 8.33300113678
1484645859812967000 -8.16360517309 10.3790301398
1484645860882219000 -41.8280029297 8.56500053406
1484645860882219000 -7.65706935613 10.3095964427
1484645862708077000 -41.3819999695 8.77000141144
1484645862708077000 -7.18829868301 10.2186505877
1484645865729786000 -40.966003418 9.11300086975
1484645865729786000 -6.6489307239 10.2545612773
1484645868719454000 -40.5510025024 9.41500091553
1484645868719454000 -6.1469157424 10.2568817114
1484645871436839000 -40.1750030518 9.77200126648
1484645871436839000 -5.6317173217 10.30972213
1484645872393931000 -40.0979995728 10.2380008698
1484645872393931000 -5.29763694314 10.6368014713
1484645873260429000 -40.2070007324 10.6790008545
1484645873260429000 -5.13385756693 11.0521250842
1484645874186377000 -40.4449996948 11.0990009308
1484645874186377000 -5.084162989 11.5548308678
1484645875195078000 -40.7450027466 11.5390014648
1484645875195078000 -5.07747080096 12.0770176589
1484645876243231000 -41.091003418 11.9830007553
1484645876243231000 -5.11895082094 12.6437039696
1484645877437315000 -41.4350013733 12.3870010376
1484645877437315000 -5.18749844563 13.1745241737
1484645878698944000 -41.3819999695 12.6320009232
1484645878698944000 -5.01734223945 13.3558426393
1484645879828942000 -41.0340003967 12.6330013275
1484645879828942000 -4.73106240096 13.1730465714
1484645880921926000 -40.6640014648 12.2170009613
1484645880921926000 -4.67119057041 12.6303263399
1484645882003111000 -40.2650032043 11.8150014877
1484645882003111000 -4.58656746041 12.0595650071
1484645882991530000 -39.8290023804 11.5110006332
1484645882991530000 -4.41744821549 11.5492093056
1484645884060515000 -39.3660011292 11.1710014343
1484645884060515000 -4.25713531119 11.0242524201
1484645885077748000 -38.9239997864 10.892001152
1484645885077748000 -4.07781343035 10.5423311945
1484645885985214000 -38.516002655 10.6360006332
1484645885985214000 -3.89574474957 10.0627374786
1484645886899757000 -38.09400177 10.3910007477
1484645886899757000 -3.70906965392 9.6131232602
1484645887854837000 -37.6459999084 10.1590013504
1484645887854837000 -3.47477772839 9.17257329611
1484645888862963000 -37.3240013123 9.73300075531
1484645888862963000 -3.46387592318 8.64541190611
1484645889809540000 -37.0620002747 9.28900051117
1484645889809540000 -3.53356319904 8.14069492789
1484645890918361000 -36.6970024109 8.83800125122
1484645890918361000 -3.52264783481 7.56697694484
1484645891989518000 -36.2989997864 8.43200111389
1484645891989518000 -3.45509443511 6.99381722912
1484645893170540000 -35.9120025635 8.01700115204
1484645893170540000 -3.39447133277 6.44140967914
1484645894040984000 -35.8680000305 7.57900094986
1484645894040984000 -3.6390216939 6.05900730063
1484645894905414000 -35.8860015869 7.12500095367
1484645894905414000 -3.93734546774 5.72226328585
1484645895812875000 -35.8070030212 6.6450009346
1484645895812875000 -4.17575519866 5.30448203044
1484645896693406000 -35.6910018921 6.20700073242
1484645896693406000 -4.34918215539 4.89237801388
1484645897515982000 -35.5590019226 5.80100059509
1484645897515982000 -4.50584045123 4.45957886267
1484645898412315000 -35.4010009766 5.35700082779
1484645898412315000 -4.656599978 3.98469241036
1484645899349651000 -35.172000885 4.93900060654
1484645899349651000 -4.74359119539 3.51257328051
1484645900437053000 -34.7470016479 4.53500080109
1484645900437053000 -4.65020996836 2.91998025701
1484645901587777000 -34.2900009155 4.12800073624
1484645901587777000 -4.53319825608 2.33582116757
1484645902637942000 -33.8860015869 3.74100065231
1484645902637942000 -4.43462466754 1.78894756497
1484645903757010000 -33.5760002136 3.25600075722
1484645903757010000 -4.47448685031 1.22467873466
1484645904714403000 -33.3160018921 2.81700062752
1484645904714403000 -4.52603364711 0.723480280079
1484645905670694000 -33.0230026245 2.3960006237
1484645905670694000 -4.52861595208 0.211562851963
1484645906638001000 -32.7130012512 1.9980006218
1484645906638001000 -4.51331108918 -0.319445801498
1484645907726028000 -32.2490005493 1.63100063801
1484645907726028000 -4.36292663019 -0.874633927518
1484645908690393000 -31.8390007019 1.33200061321
1484645908690393000 -4.18821318766 -1.38582528914
1484645909795297000 -31.4580001831 0.908000588417
1484645909795297000 -4.12433926054 -1.94899131163
1484645910843564000 -31.1240005493 0.477000534534
1484645910843564000 -4.10244468377 -2.49276038571
1484645911861671000 -30.8190002441 0.0400005206466
1484645911861671000 -4.12497321921 -3.02790704491
1484645912921877000 -30.5080013275 -0.422999501228
1484645912921877000 -4.15620404158 -3.58834200838
1484645913836334000 -30.2210006714 -0.810999512672
1484645913836334000 -4.15974126563 -4.09176815679
1484645914842493000 -29.8890018463 -1.23099958897
1484645914842493000 -4.14186219795 -4.63740544926
1484645915785807000 -29.6130008698 -1.6489995718
1484645915785807000 -4.16542817838 -5.13928856698
1484645916813111000 -29.3340015411 -2.09199953079
1484645916813111000 -4.20549654916 -5.64982137871
1484645917863189000 -28.96900177 -2.52999949455
1484645917863189000 -4.17095008527 -6.21924301101
1484645918960295000 -28.5880012512 -2.97299957275
1484645918960295000 -4.11875270226 -6.80320483315
1484645919959039000 -28.2569999695 -3.38299965858
1484645919959039000 -4.09454112173 -7.34044938266
1484645921027255000 -27.9230003357 -3.81999969482
1484645921027255000 -4.08739030045 -7.87592329502
1484645921995968000 -27.6530017853 -4.2359995842
1484645921995968000 -4.12339126341 -8.39092156103
