1487333627641305000 51.986000061 62.1030006409
1487333627641305000 -33.154666233 -39.2740874852
1487333628400775000 52.4060020447 62.3730010986
1487333628400775000 -33.2502099029 -38.7468542365
1487333629202551000 52.8640022278 62.6780014038
1487333629202551000 -33.3604547057 -38.2091670939
1487333629942542000 53.2880020142 62.9530029297
1487333629942542000 -33.4601455212 -37.6745699846
1487333630712253000 53.7180023193 63.2300033569
1487333630712253000 -33.5543851829 -37.1806291224
1487333631565693000 54.2000007629 63.5350036621
1487333631565693000 -33.6731729302 -36.6145584283
1487333632330894000 54.6770019531 63.8160018921
1487333632330894000 -33.756613756 -36.0481532708
1487333633123067000 55.169002533 64.0470046997
1487333633123067000 -33.7773544417 -35.5211071186
1487333633882793000 55.6030006409 64.2430038452
1487333633882793000 -33.8010828821 -35.0484769621
1487333634603771000 56.0359992981 64.4360046387
1487333634603771000 -33.8194912222 -34.5539354077
1487333635346356000 56.5040016174 64.638999939
1487333635346356000 -33.8260237606 -34.0351053767
1487333636105090000 56.9710006714 64.841003418
1487333636105090000 -33.8340970129 -33.5294272803
1487333636873779000 57.4379997253 65.0400009155
1487333636873779000 -33.8313583136 -33.0316256778
1487333637582632000 57.8770027161 65.2220001221
1487333637582632000 -33.8262795996 -32.5575159408
1487333638374161000 58.3850021362 65.4300003052
1487333638374161000 -33.810988484 -31.9999103689
1487333639085004000 58.8190002441 65.6010055542
1487333639085004000 -33.7732598872 -31.5361746949
1487333639841864000 59.297000885 65.7870025635
1487333639841864000 -33.7341724831 -31.0209984182
1487333640574591000 59.7430000305 65.9589996338
1487333640574591000 -33.6957225805 -30.5297163886
1487333641305262000 60.2170028687 66.1409988403
1487333641305262000 -33.66073989 -29.9991856681
1487333642066290000 60.7140007019 66.2710037231
1487333642066290000 -33.5776726326 -29.5054484712
1487333642940629000 61.1520042419 66.2030029297
1487333642940629000 -33.3484160718 -29.1364524364
1487333644123573000 61.499004364 65.8160018921
1487333644123573000 -32.8610665155 -28.9592148016
1487333645025101000 61.793006897 65.3679962158
1487333645025101000 -32.3354319432 -28.8712219935
1487333645751885000 62.0380058289 64.9659957886
1487333645751885000 -31.866119842 -28.805004377
1487333646615407000 62.3290061951 64.4729995728
1487333646615407000 -31.3167751817 -28.7314160347
1487333647243803000 62.4910049438 64.0270004272
1487333647243803000 -30.83515003 -28.7438145992
1487333648034631000 62.6070022583 63.5410041809
1487333648034631000 -30.3929785203 -28.8049178415
1487333648783333000 62.7370033264 63.0420036316
1487333648783333000 -29.9011442908 -28.8665135049
1487333649296126000 62.8180046082 62.6470031738
1487333649296126000 -29.4982644675 -28.9258784773
1487333650036735000 62.9140014648 62.1830024719
1487333650036735000 -29.0685317519 -29.0027074451
1487333650818324000 63.0120048523 61.7080001831
1487333650818324000 -28.5829043106 -29.0985109804
1487333652764109000 63.2570037842 60.7970046997
1487333652764109000 -27.6561370381 -29.2437033351
1487333654292233000 63.5100021362 60.3280029297
1487333654292233000 -27.149849315 -29.2114069039
1487333656088145000 63.966999054 60.0410003662
1487333656088145000 -26.6931466995 -28.9211803228
1487333657697949000 64.3679962158 59.9480018616
1487333657697949000 -26.4300994095 -28.5901504402
1487333663733699000 64.8030090332 60.0420036316
1487333663733699000 -26.3254539704 -28.1628570651
1487333666466957000 65.2180023193 60.2070007324
1487333666466957000 -26.2691004297 -27.7540646017
1487333668666475000 65.6300048828 60.4800033569
1487333668666475000 -26.348123661 -27.2896279664
1487333669585456000 66.1090087891 60.7900009155
1487333669585456000 -26.3955337631 -26.7383813819
1487333670871690000 66.5310058594 60.8850021362
1487333670871690000 -26.2847838271 -26.3193700652
1487333671510207000 66.9449996948 60.96900177
1487333671510207000 -26.1615450899 -25.9101171695
1487333672211355000 67.4120025635 61.0670013428
1487333672211355000 -26.0208307002 -25.4617605727