1486460730404390000 -78.5890045166 -48.9099998474
1486460730404390000 -4.18919253158 15.6350204
1486460731167994000 -78.1720046997 -48.8489990234
1486460731167994000 -4.21069659876 15.1880515082
1486460731980628000 -77.7510070801 -48.8299980164
1486460731980628000 -4.28451750725 14.7700722401
1486460732842317000 -77.3070068359 -48.9230003357
1486460732842317000 -4.46529983224 14.3607913568
1486460733803375000 -76.8600006104 -49.1429977417
1486460733803375000 -4.77631339081 13.967360997
1486460734915550000 -76.4410018921 -49.3940010071
1486460734915550000 -5.1117536747 13.6113021022
1486460739399876000 -76.3619995117 -49.4630012512
1486460739399876000 -5.2253369392 13.5245700679
1486460741691137000 -76.3640060425 -49.4599990845
1486460741691137000 -5.23976897731 13.5140223103
1486460759143041000 -76.3260040283 -49.3909988403
1486460759143041000 -5.19120063264 13.480557122
1486460760757037000 -76.5020065308 -49.1160011292
1486460760757037000 -4.89676518583 13.5592308295
1486460762269396000 -76.3120040894 -49.0810012817
1486460762269396000 -5.00248271531 13.3274960283
1486460763275840000 -75.8310012817 -48.9300003052
1486460763275840000 -5.08831872975 12.8346788421
1486460764038397000 -75.3910064697 -48.827999115
1486460764038397000 -5.17693197767 12.3547265087
1486460765795391000 -75.111000061 -48.8540000916
1486460765795391000 -5.31025968621 12.1048095543
1486460767227755000 -74.6890029907 -48.6030006409
1486460767227755000 -5.2135320823 11.6402281096
1486460768208440000 -74.2440032959 -48.3439979553
1486460768208440000 -5.06734791443 11.1272075378
1486460769093649000 -73.8199996948 -48.1149978638
1486460769093649000 -4.90608756055 10.6662386539
1486460769968129000 -73.3860015869 -47.966999054
1486460769968129000 -4.82774470334 10.2351191818
1486460770785868000 -72.9640045166 -47.8829994202
1486460770785868000 -4.74217910282 9.81165449507
1486460771558401000 -72.546005249 -47.8050003052
1486460771558401000 -4.82055561989 9.39871941887
1486460772409789000 -72.1020050049 -47.7340011597
1486460772409789000 -5.04970386006 8.9803105801
1486460773265406000 -71.6700057983 -47.6170005798
1486460773265406000 -5.41162101489 8.56198223833
1486460774283572000 -71.2690048218 -47.3549995422
1486460774283572000 -5.70545494985 8.10047648148
1486460802439192000 -71.2140045166 -47.3159980774
1486460802439192000 -3.16902851177 8.25618743557
1486460805151879000 -71.1770019531 -47.3050003052
1486460805151879000 -2.96019719013 8.17978099014
1486460806527196000 -70.7310028076 -47.3779983521
1486460806527196000 -3.14758154618 7.74048095554
1486460807349203000 -70.3170013428 -47.3699989319
1486460807349203000 -3.23510912978 7.26418077452
1486460808328230000 -69.8670043945 -47.2840003967
1486460808328230000 -3.24924326356 6.76919063062
1486460809416069000 -69.4090042114 -47.2430000305
1486460809416069000 -3.30040968831 6.23994211583
1486460810242626000 -68.9920043945 -47.3059997559
1486460810242626000 -3.46141684853 5.78654624504
1486460811158834000 -68.5110015869 -47.3699989319
1486460811158834000 -3.63124010875 5.29277621598
1486460811980740000 -68.0680007935 -47.3339996338
1486460811980740000 -3.69605200084 4.76667128063
1486460812793247000 -67.6420059204 -47.2879981995
1486460812793247000 -3.73887007047 4.26991337896
1486460813648006000 -67.1900024414 -47.2519989014
1486460813648006000 -3.79156559081 3.71886471281
1486460814606128000 -66.685005188 -47.2399978638
1486460814606128000 -3.87216335125 3.16424282557
1486460815476593000 -66.233001709 -47.2399978638
1486460815476593000 -3.96064364718 2.69651534673
1486460816279402000 -65.8110046387 -47.2439994812
1486460816279402000 -4.04665613637 2.28252123085
1486460817101064000 -65.3780059814 -47.2469978333
1486460817101064000 -4.14395170556 1.84032177727
1486460817997221000 -64.9530029297 -46.9809989929
1486460817997221000 -3.9812292387 1.35498360714
1486460818954452000 -64.6770019531 -46.5589981079
1486460818954452000 -3.63196162426 0.978941803464
1486460819941950000 -64.4480056763 -46.1020011902
1486460819941950000 -3.21140010415 0.657595604091
1486460820808444000 -64.2710037231 -45.6779975891
1486460820808444000 -2.83736792647 0.400153499154
1486460821720903000 -64.108001709 -45.2290000916
1486460821720903000 -2.43218264707 0.156139529429
1486460822531756000 -64.0550003052 -44.8289985657
1486460822531756000 -2.03211296892 0.0172486835366
1486460824069784000 -64.0310058594 -44.4090003967
1486460824069784000 -1.62549650056 -0.082113440732
1486460827371194000 -64.0260009766 -43.9759979248
1486460827371194000 -1.20991481141 -0.158818467807
1486460828465260000 -64.0360031128 -43.5419998169
1486460828465260000 -0.790654589453 -0.239966412493
1486460829794918000 -64.0640029907 -43.1289978027
1486460829794918000 -0.38264365278 -0.300095170924
