1487342571611761000 75.4580078125 62.5370063782
1487342571611761000 -20.804817272 -19.8900282759
1487342572634998000 74.9770050049 62.7810058594
1487342572634998000 -21.2632497624 -20.2858222365
1487342573578770000 74.5030059814 63.0490036011
1487342573578770000 -21.6965599691 -20.6966017143
1487342574440218000 74.0510025024 63.141002655
1487342574440218000 -21.8984189216 -21.1484730206
1487342575230526000 73.5220108032 63.2080001831
1487342575230526000 -22.0590585622 -21.7061539755
1487342575830328000 73.0780105591 63.216003418
1487342575830328000 -22.1252925528 -22.230214498
1487342576568294000 72.6080093384 63.2380027771
1487342576568294000 -22.1805866134 -22.7652415288
1487342577266622000 72.1560058594 63.2280006409
1487342577266622000 -22.1908585917 -23.2884554786
1487342577866737000 71.7110061646 63.1770019531
1487342577866737000 -22.1691831168 -23.7664081611
1487342578627629000 71.2140045166 63.1370010376
1487342578627629000 -22.1623437959 -24.2843612198
1487342579327507000 70.7850036621 63.1370048523
1487342579327507000 -22.2158264962 -24.7437427209
1487342580129029000 70.3480072021 63.1940040588
1487342580129029000 -22.3193340148 -25.1887684815
1487342580699178000 69.9590072632 63.2910041809
1487342580699178000 -22.4830040439 -25.5950889479
1487342581466329000 69.4949951172 63.3870048523
1487342581466329000 -22.6379414301 -26.0520389723
1487342582180639000 69.0289993286 63.499004364
1487342582180639000 -22.8160271836 -26.5001554083
1487342582755625000 68.6289978027 63.5840034485
1487342582755625000 -22.9710673307 -26.9051397256
1487342583410587000 68.1959991455 63.6470031738
1487342583410587000 -23.1042318656 -27.3221666841
1487342584104049000 67.7519989014 63.7000007629
1487342584104049000 -23.2379317345 -27.7638937656
1487342584784237000 67.2789993286 63.8230018616
1487342584784237000 -23.4437542132 -28.1966327707
1487342585476857000 66.8720016479 64.0390014648
1487342585476857000 -23.7492756466 -28.5957165873
1487342586335507000 66.3800125122 64.2630004883
1487342586335507000 -24.0091273912 -29.0137937991
1487342587135293000 65.8870010376 64.3990097046
1487342587135293000 -24.181465653 -29.4820106319
1487342587789019000 65.3809967041 64.4200057983
1487342587789019000 -24.1803346314 -30.0042691099
1487342588614554000 64.9199981689 64.4020080566
1487342588614554000 -24.0359271886 -30.5160798202
1487342602972192000 64.4649963379 64.3770065308
1487342602972192000 -24.0143881684 -30.9717876723
1487342603682945000 64.0200042725 64.3140106201
1487342603682945000 -23.9965595951 -31.4222010127
1487342604371908000 63.5839996338 64.245010376
1487342604371908000 -24.0842696238 -31.8508016533
1487342605001007000 63.1490020752 64.1770095825
1487342605001007000 -24.1305107449 -32.2965352286
1487342605720501000 62.6809997559 64.1070098877
1487342605720501000 -24.2839593406 -32.7189111029
1487342606398371000 62.2380027771 64.046005249
1487342606398371000 -24.4250848644 -33.1526944474
1487342606991246000 61.7649993896 63.9800071716
1487342606991246000 -24.6353567862 -33.54960442
1487342607811849000 61.3070030212 63.7570037842
1487342607811849000 -24.6774600692 -34.0231273078
1487342608741599000 60.8520050049 63.4290008545
1487342608741599000 -24.5588879656 -34.4930525151
1487342609667994000 60.4020042419 63.0100021362
1487342609667994000 -24.1396216399 -35.0441576721
1487342610625367000 59.9250030518 62.5780029297
1487342610625367000 -23.9931592315 -35.6113541967
1487342611512726000 59.4820022583 62.1950035095
1487342611512726000 -23.8638125851 -36.1517136802
1487342612424150000 59.0270042419 61.780002594
1487342612424150000 -23.537314243 -36.6630776395
1487342613201650000 58.7230033875 61.2920036316
1487342613201650000 -22.9305863607 -37.0167698547
1487342614063192000 58.5090026855 60.7570037842
1487342614063192000 -22.2124989863 -37.2633795037
1487342614779076000 58.3400039673 60.3000030518
1487342614779076000 -21.7668394909 -37.468815325
1487342615549774000 58.2610054016 59.8330001831
1487342615549774000 -21.130294372 -37.5650295134
1487342616179188000 58.2610054016 59.3590011597
1487342616179188000 -20.3900909672 -37.5172962343
1487342616930516000 58.3030014038 58.8830032349
1487342616930516000 -19.8117188109 -37.4613307038
1487342617628295000 58.3400001526 58.4420013428
1487342617628295000 -19.3810558044 -37.3942863264
1487342618230466000 58.3790016174 58.0010032654
1487342618230466000 -19.0696143103 -37.3692290817
1487342618881061000 58.3950042725 57.5590019226
1487342618881061000 -18.7924387939 -37.3451873016
1487342619557018000 58.3840026855 57.1520004272
1487342619557018000 -18.2482973651 -37.2879198536
1487342620227808000 58.374004364 56.6750030518
1487342620227808000 -17.750614737 -37.2596935287
1487342620938586000 58.3580055237 56.2110023499
1487342620938586000 -17.3758435084 -37.2478071412
1487342621616631000 58.3400039673 55.763999939
1487342621616631000 -17.061620521 -37.2381266695
1487342622153540000 58.3220062256 55.3870010376
1487342622153540000 -16.7576358425 -37.234655748
1487342622855378000 58.296005249 54.9140014648
1487342622855378000 -16.4024820582 -37.2310450402
1487342623636142000 58.2610054016 54.4099998474
1487342623636142000 -16.0418667073 -37.2494622733
1487342624224853000 58.2290039062 53.9640007019
1487342624224853000 -15.7759579487 -37.2609727183
1487342624925783000 58.1430053711 53.5390014648
1487342624925783000 -15.4464579115 -37.2704162022
1487342625705782000 57.9150047302 53.0769996643
1487342625705782000 -14.9648769028 -37.3645995326
1487342626604493000 57.6490020752 52.5760040283
1487342626604493000 -14.5134427582 -37.4512033963
1487342627214961000 57.516002655 52.1470031738
1487342627214961000 -14.0682992308 -37.4215030397
1487342627863877000 57.4720039368 51.7100028992
1487342627863877000 -13.6562729399 -37.3198132911
1487342628624469000 57.4710044861 51.2320022583
1487342628624469000 -13.1843716414 -37.1952986851
1487342629294299000 57.4740028381 50.7590026855
1487342629294299000 -12.7284533932 -37.128163875
1487342629963766000 57.4750022888 50.2870025635
1487342629963766000 -12.2384287127 -37.0906779943
1487342630777085000 57.436000824 49.7770004272
1487342630777085000 -11.7420271781 -37.1149697407
1487342631382803000 57.4099998474 49.3430023193
1487342631382803000 -11.315820364 -37.1290195228
1487342632129589000 57.3790016174 48.8650016785
1487342632129589000 -10.8326662666 -37.1297647137
1487342632809502000 57.3460006714 48.4210014343
1487342632809502000 -10.3666572658 -37.1290798699
1487342633439280000 57.3120002747 47.9810028076
1487342633439280000 -9.93132601963 -37.1209268304
1487342634058242000 57.2789993286 47.5810012817
1487342634058242000 -9.49839105432 -37.1129946349
1487342634725610000 57.2400016785 47.1350021362
1487342634725610000 -9.05667637853 -37.1046027418
1487342635342338000 57.2000007629 46.6940002441
1487342635342338000 -8.63282749329 -37.09905875
1487342635957028000 57.1630020142 46.2919998169
1487342635957028000 -8.19765938372 -37.0882194422
1487342636644811000 57.1240005493 45.8570022583
1487342636644811000 -7.76214266312 -37.0888708467
1487342637335672000 57.0800018311 45.3790016174
1487342637335672000 -7.29859015111 -37.0905459603
1487342638012581000 57.0340003967 44.9060020447
1487342638012581000 -6.79828041513 -37.0956495543
1487342638712670000 56.9890022278 44.4659996033
1487342638712670000 -6.34756187059 -37.1153940445
1487342639377002000 56.9350013733 43.966999054
1487342639377002000 -5.8569384755 -37.139412038
1487342640230752000 56.9519996643 43.4990005493
1487342640230752000 -5.38251289203 -37.0964896766
1487342641883264000 57.1640014648 43.044002533
1487342641883264000 -4.92872310452 -36.8841270733
1487342643106734000 57.5820007324 42.8080024719
1487342643106734000 -4.67680361121 -36.4602167523
1487342644031104000 58.0620002747 42.7200050354
1487342644031104000 -4.59442679483 -36.0066524403
1487342644724965000 58.5000076294 42.7580032349
1487342644724965000 -4.64238033375 -35.566194555
1487342645300101000 58.9080047607 42.7790031433
1487342645300101000 -4.68690360161 -35.1211890531
1487342645965875000 59.3460044861 42.7520027161
1487342645965875000 -4.69532032726 -34.6876919626
1487342646573777000 59.7770080566 42.6870040894
1487342646573777000 -4.67710174536 -34.224839308
1487342647331516000 60.2520065308 42.6200027466
1487342647331516000 -4.67208775318 -33.7693363196
1487342648040098000 60.7220077515 42.5480041504
1487342648040098000 -4.66382900963 -33.2859536951
1487342648718276000 61.1600074768 42.4780044556
1487342648718276000 -4.66410623102 -32.8379948579
1487342649386059000 61.6280059814 42.4000053406
1487342649386059000 -4.64421902581 -32.3463790835
1487342650062656000 62.0570068359 42.3260040283
1487342650062656000 -4.60876506963 -31.8911865982
1487342650784771000 62.5280075073 42.2420043945
1487342650784771000 -4.56824312602 -31.4257195375
1487342651401720000 62.9580078125 42.1630058289
1487342651401720000 -4.52304762205 -30.9711782398
1487342652132916000 63.4250068665 42.074005127
1487342652132916000 -4.46041227191 -30.5155263167
1487342652841268000 63.8920059204 41.9810028076
1487342652841268000 -4.38873406478 -30.0457550605
1487342653460038000 64.3260040283 41.8930053711
1487342653460038000 -4.3121535657 -29.5859400565
1487342654193885000 64.7940063477 41.7950057983
1487342654193885000 -4.22489871277 -29.141609348
1487342654867196000 65.2250061035 41.7150001526
1487342654867196000 -4.1565928533 -28.7008546177
1487342655394787000 65.6380004883 41.6820030212
1487342655394787000 -4.12938301316 -28.2736897232
1487342656117668000 66.0830001831 41.6430015564
1487342656117668000 -4.09464000149 -27.8293996873
1487342656752621000 66.4909973145 41.6129989624
1487342656752621000 -4.06428594127 -27.4097845175
1487342657301558000 66.9239959717 41.5789985657
1487342657301558000 -4.03190393016 -26.9731008036
1487342657908360000 67.3639984131 41.5219993591
1487342657908360000 -3.97434782781 -26.5423889033
1487342658769193000 67.841003418 41.4670028687
1487342658769193000 -3.91573415364 -26.0908783245
1487342659376065000 68.279006958 41.4150047302
1487342659376065000 -3.85373765442 -25.6611007525
1487342660062831000 68.7100067139 41.3560028076
1487342660062831000 -3.78837433316 -25.2209709701
1487342660740879000 69.1800079346 41.2870025635
1487342660740879000 -3.72605963437 -24.7680457422
1487342661400663000 69.6170043945 41.2220039368
1487342661400663000 -3.66529643769 -24.2822016587
1487342661994614000 70.0209960938 41.1709976196
1487342661994614000 -3.62273728831 -23.875402364
1487342662674318000 70.5009994507 41.1289978027
1487342662674318000 -3.59916961711 -23.4179306118
1487342663381235000 70.9400024414 41.0849990845
1487342663381235000 -3.55860894806 -22.9793084431
1487342664011359000 71.3450012207 41.0449981689
1487342664011359000 -3.5111788513 -22.5649104978
1487342664638164000 71.783996582 41.0009994507
1487342664638164000 -3.46176439575 -22.1416364323
1487342665255996000 72.1900024414 40.9570007324
1487342665255996000 -3.41550046036 -21.7283472593
1487342665925044000 72.6289978027 40.908000946
1487342665925044000 -3.39406599464 -21.3197624571
1487342666512311000 73.0359954834 40.8600006104
1487342666512311000 -3.38548543386 -20.8898685849
1487342667218645000 73.5049972534 40.8019981384
1487342667218645000 -3.38201351644 -20.4261437862
1487342667950495000 73.9759979248 40.7409973145
1487342667950495000 -3.37496751123 -19.9283054134
1487342668578929000 74.4140014648 40.6819992065
1487342668578929000 -3.38427590048 -19.4908214974
1487342669263152000 74.8860015869 40.6170005798
1487342669263152000 -3.36912148776 -19.0142583036
1487342670011877000 75.3660049438 40.5670013428
1487342670011877000 -3.36533154969 -18.5561871215
1487342670619048000 75.8070068359 40.5429992676
1487342670619048000 -3.36891670945 -18.1410268804
1487342671297683000 76.2490005493 40.516002655
1487342671297683000 -3.35712363021 -17.72283546
1487342672029528000 76.7220077515 40.4850006104
1487342672029528000 -3.3349593121 -17.284430353
1487342672659473000 77.1630020142 40.452999115
1487342672659473000 -3.32405396967 -16.8342340713
1487342673337171000 77.6050033569 40.419002533
1487342673337171000 -3.30908440954 -16.37636665
1487342674045109000 78.077003479 40.3780021667
1487342674045109000 -3.31100362926 -15.9187442062
1487342674727891000 78.5540008545 40.3339996338
1487342674727891000 -3.31062508649 -15.4813172724
1487342675424567000 79.0340042114 40.2870025635
1487342675424567000 -3.29171603057 -15.0160246487
1487342676221215000 79.5360031128 40.2460021973
1487342676221215000 -3.22649928782 -14.5458181674
1487342676858798000 80.0050048828 40.2080001831
1487342676858798000 -3.11763907698 -14.1103911395
1487342677463116000 80.43800354 40.1739997864
1487342677463116000 -2.9557615522 -13.7206111646
1487342681114129000 80.6320037842 40.2140007019
1487342681114129000 -2.93884193796 -13.5547337852
1487342682672346000 80.529006958 40.3520011902
1487342682672346000 -2.9578003294 -13.649896975
1487342691123531000 80.5900039673 40.3549995422
1487342691123531000 -2.92699385815 -13.5972805776
1487342692102387000 80.983001709 40.2720031738
1487342692102387000 -2.80640940685 -13.2271270026
1487342692655255000 81.4150009155 40.2010002136
1487342692655255000 -2.74091651283 -12.8058993927
1487342693449927000 81.8940124512 40.1830024719
1487342693449927000 -2.75131826624 -12.3188502841
1487342694117929000 82.3350143433 40.1590003967
1487342694117929000 -2.68367307937 -11.8827539385
1487342694693880000 82.7390136719 40.1380004883
1487342694693880000 -2.70232360006 -11.443516698
1487342695405655000 83.2080078125 40.1120033264
1487342695405655000 -2.72510018674 -10.9414798972
1487342696180980000 83.7200088501 40.0810050964
1487342696180980000 -2.6964583333 -10.443342375
1487342696769281000 84.1660079956 40.0830039978
1487342696769281000 -2.88502091861 -9.89973368267
1487342697451193000 84.5729980469 40.0999984741
1487342697451193000 -2.85942717736 -9.48287406685
1487342698199402000 85.0749969482 40.1229972839
1487342698199402000 -2.77034684764 -9.00261865356
1487342698823564000 85.5530014038 40.2080001831
1487342698823564000 -2.55553353044 -8.60462939233
1487342699513725000 85.9600067139 40.2510032654
1487342699513725000 -2.45668772381 -8.22555278414
1487342700285466000 86.464012146 40.2990036011
1487342700285466000 -2.37638567218 -7.77486854769
1487342700875445000 86.8670120239 40.3370056152
1487342700875445000 -2.34045884848 -7.36454018091
1487342701551245000 87.3130111694 40.3750038147
1487342701551245000 -2.64427334615 -6.62376490881
1487342702261016000 87.7890090942 40.4110031128
1487342702261016000 -3.07302410493 -5.82934012538
1487342702924782000 88.262008667 40.4420051575
1487342702924782000 -3.39818912568 -5.15248156645
1487342703623604000 88.7330093384 40.4140052795
1487342703623604000 -3.48536910204 -4.62802596123
1487342704427294000 89.2150039673 40.3390045166
1487342704427294000 -3.47971790793 -4.13225315961
1487342705064352000 89.6350021362 40.1650047302
1487342705064352000 -3.37263386673 -3.67505578232
1487342705923020000 90.0830001831 39.8320045471
1487342705923020000 -3.11007487158 -3.19615194584
1487342706899199000 90.5210037231 39.3690032959
1487342706899199000 -2.7113468358 -2.71822839388
1487342707835521000 90.9290008545 38.9160041809
1487342707835521000 -2.28879050476 -2.25531347028
1487342708634093000 91.2649993896 38.5030021667
1487342708634093000 -1.91881593883 -1.88392841541
1487342709465737000 91.6340026855 38.0890007019
1487342709465737000 -1.53914589199 -1.47693815192
1487342710278335000 91.7760009766 37.6240005493
1487342710278335000 -1.09688422193 -1.30495815454
1487342710970598000 91.7369995117 37.1990013123
1487342710970598000 -0.67411310678 -1.33071836438
1487342711847686000 91.7010116577 36.7230033875
1487342711847686000 -0.219086693263 -1.35471597347
1487342716466357000 91.5800094604 36.7140045166
1487342716466357000 -0.201969848852 -1.4869547068
1487342721122684000 91.7240066528 36.3780021667
1487342721122684000 0.106888409051 -1.34455727233